0 0.17290886392009988 0.18996710526315788 0.02122347066167291 0.02796052631578947
0 0.5374531835205992 0.2425986842105263 0.02372034956304619 0.03125
0 0.6254681647940075 0.19407894736842105 0.017478152309612985 0.023026315789473683
0 0.4900124843945069 0.4514802631578947 0.016229712858926344 0.021381578947368418
0 0.36329588014981273 0.5172697368421052 0.0149812734082397 0.021381578947368418
0 0.46941323345817726 0.778782894736842 0.02247191011235955 0.03125
0 0.3445692883895131 0.5805921052631579 0.0149812734082397 0.019736842105263157
0 0.07365792759051186 0.8758223684210525 0.02247191011235955 0.021381578947368418
0 0.4257178526841448 0.33634868421052627 0.012484394506866416 0.014802631578947368
0 0.6741573033707865 0.9309210526315789 0.019975031210986267 0.019736842105263157
0 0.6779026217228464 0.7960526315789473 0.012484394506866416 0.019736842105263157
