0 0.6254681647940075 0.7080592105263157 0.017478152309612985 0.02796052631578947
0 0.5205992509363296 0.7713815789473684 0.024968789013732832 0.029605263157894735
0 0.4556803995006242 0.9588815789473684 0.017478152309612985 0.019736842105263157
0 0.13295880149812733 0.6949013157894737 0.02372034956304619 0.02796052631578947
0 0.17415730337078653 0.5296052631578947 0.016229712858926344 0.023026315789473683
0 0.41448189762796506 0.5115131578947368 0.0149812734082397 0.023026315789473683
0 0.07053682896379526 0.3684210526315789 0.01373283395755306 0.02631578947368421
0 0.41697877652933835 0.4539473684210526 0.017478152309612985 0.023026315789473683
0 0.0867665418227216 0.9333881578947368 0.01373283395755306 0.018092105263157895
0 0.5861423220973783 0.5386513157894737 0.016229712858926344 0.018092105263157895
0 0.46441947565543074 0.4506578947368421 0.019975031210986267 0.019736842105263157
0 0.07303370786516854 0.7088815789473684 0.018726591760299626 0.023026315789473683
0 0.49625468164794007 0.09210526315789473 0.018726591760299626 0.019736842105263157
0 0.10986267166042447 0.669407894736842 0.0149812734082397 0.019736842105263157
