0 0.14232209737827717 0.1907894736842105 0.0149812734082397 0.029605263157894735
0 0.06304619225967541 0.22861842105263155 0.016229712858926344 0.023026315789473683
0 0.40324594257178525 0.6990131578947368 0.009987515605493134 0.019736842105263157
0 0.2815230961298377 0.7705592105263157 0.018726591760299626 0.018092105263157895
0 0.3414481897627965 0.8511513157894737 0.02122347066167291 0.03782894736842105
0 0.6722846441947565 0.894736842105263 0.018726591760299626 0.029605263157894735
0 0.0986267166042447 1.0814144736842104 0.02746566791510612 0.02796052631578947
0 0.2340823970037453 1.2146381578947367 0.016229712858926344 0.018092105263157895
0 0.0568039950062422 0.40625 0.016229712858926344 0.023026315789473683
0 0.7802746566791511 0.5074013157894737 0.02247191011235955 0.021381578947368418
0 0.529338327091136 0.2319078947368421 0.017478152309612985 0.019736842105263157
