0 0.0867665418227216 0.43914473684210525 0.02372034956304619 0.029605263157894735
0 0.12421972534332085 0.3314144736842105 0.02122347066167291 0.024671052631578948
0 0.5093632958801498 0.47039473684210525 0.012484394506866416 0.019736842105263157
0 0.6204744069912609 0.4194078947368421 0.0149812734082397 0.029605263157894735
0 0.46441947565543074 0.6175986842105263 0.019975031210986267 0.018092105263157895
0 0.3888888888888889 0.1907894736842105 0.016229712858926344 0.02631578947368421
0 0.4519350811485643 0.1439144736842105 0.019975031210986267 0.021381578947368418
0 0.20724094881398253 0.10032894736842105 0.0149812734082397 0.03618421052631579
0 0.5305867665418227 0.8404605263157894 0.0149812734082397 0.023026315789473683
0 0.5705368289637953 0.8273026315789473 0.017478152309612985 0.023026315789473683
0 0.5355805243445693 1.0550986842105263 0.019975031210986267 0.03453947368421052
0 0.10549313358302123 0.7664473684210525 0.016229712858926344 0.023026315789473683
0 0.6985018726591761 1.0148026315789473 0.018726591760299626 0.023026315789473683
0 0.36142322097378277 0.38980263157894735 0.01373283395755306 0.01644736842105263
