0 0.4038701622971286 0.5115131578947368 0.02122347066167291 0.019736842105263157
0 0.20724094881398253 0.2064144736842105 0.019975031210986267 0.018092105263157895
0 0.5811485642946317 0.6833881578947368 0.02122347066167291 0.024671052631578948
0 0.529338327091136 0.7689144736842105 0.0149812734082397 0.021381578947368418
0 0.653558052434457 0.7105263157894737 0.016229712858926344 0.029605263157894735
0 0.19350811485642946 0.4095394736842105 0.017478152309612985 0.029605263157894735
0 0.48564294631710364 0.9539473684210525 0.024968789013732832 0.023026315789473683
0 0.5355805243445693 1.1324013157894737 0.0149812734082397 0.02796052631578947
0 0.04931335830212235 0.7129934210526315 0.02372034956304619 0.024671052631578948
0 0.10424469413233459 0.5986842105263157 0.02122347066167291 0.029605263157894735
0 0.07865168539325842 0.13733552631578946 0.02247191011235955 0.018092105263157895
0 0.27965043695380776 0.3824013157894737 0.019975031210986267 0.018092105263157895
0 0.24094881398252185 0.3963815789473684 0.0149812734082397 0.01644736842105263
0 0.24157303370786518 0.359375 0.01373283395755306 0.021381578947368418
0 0.5580524344569289 0.350328947368421 0.017478152309612985 0.02631578947368421
0 0.12983770287141075 0.37088815789473684 0.017478152309612985 0.021381578947368418
0 0.10674157303370786 0.25246710526315785 0.016229712858926344 0.021381578947368418
