0 0.6785268414481898 0.6735197368421052 0.02372034956304619 0.024671052631578948
0 0.5930087390761548 0.7664473684210525 0.019975031210986267 0.023026315789473683
0 0.6392009987515606 0.8174342105263157 0.0149812734082397 0.019736842105263157
0 0.4044943820224719 0.9243421052631579 0.019975031210986267 0.023026315789473683
0 0.5898876404494382 1.050986842105263 0.02372034956304619 0.03289473684210526
0 0.15543071161048688 0.8042763157894737 0.018726591760299626 0.029605263157894735
0 0.07178526841448189 0.9761513157894737 0.02122347066167291 0.03125
0 0.10112359550561797 0.4983552631578947 0.0149812734082397 0.023026315789473683
0 0.07677902621722847 0.640625 0.02122347066167291 0.021381578947368418
0 0.07365792759051186 0.29358552631578944 0.012484394506866416 0.021381578947368418
0 0.09363295880149813 0.2598684210526316 0.0149812734082397 0.019736842105263157
0 0.0986267166042447 0.12417763157894736 0.012484394506866416 0.014802631578947368
0 0.5380774032459426 1.1792763157894737 0.017478152309612985 0.02631578947368421
0 0.4132334581772784 0.997532894736842 0.017478152309612985 0.018092105263157895
0 0.2421972534332085 0.9958881578947368 0.0149812734082397 0.021381578947368418
