0 0.42384519350811484 0.021381578947368418 0.018726591760299626 0.03618421052631579
0 0.17415730337078653 0.7960526315789473 0.02122347066167291 0.029605263157894735
0 0.060549313358302125 0.8174342105263157 0.02122347066167291 0.02631578947368421
0 0.0867665418227216 0.6768092105263157 0.016229712858926344 0.021381578947368418
0 0.1404494382022472 0.9934210526315789 0.018726591760299626 0.029605263157894735
0 0.3995006242197253 1.1398026315789473 0.017478152309612985 0.042763157894736836
0 0.5948813982521848 0.9465460526315789 0.02372034956304619 0.021381578947368418
0 0.5349563046192259 0.34292763157894735 0.01373283395755306 0.018092105263157895
0 0.4975031210986267 0.2064144736842105 0.018726591760299626 0.021381578947368418
0 0.4681647940074906 0.060032894736842105 0.017478152309612985 0.018092105263157895
0 0.07428214731585518 0.46792763157894735 0.02122347066167291 0.021381578947368418
0 0.06991260923845194 0.4473684210526315 0.017478152309612985 0.023026315789473683
0 0.05493133583021224 0.43421052631578944 0.009987515605493134 0.01644736842105263
0 0.08739076154806492 0.3067434210526316 0.017478152309612985 0.018092105263157895
0 0.23096129837702872 1.2154605263157894 0.017478152309612985 0.03289473684210526
