0 0.4631710362047441 0.13486842105263158 0.009987515605493134 0.013157894736842105
0 0.39013732833957554 0.13404605263157893 0.011235955056179775 0.014802631578947368
0 0.44132334581772786 0.10444078947368421 0.008739076154806492 0.011513157894736841
0 0.367665418227216 0.12006578947368421 0.008739076154806492 0.009868421052631578
0 0.48252184769038703 0.21217105263157893 0.011235955056179775 0.013157894736842105
0 0.4656679151061174 0.20970394736842105 0.012484394506866416 0.014802631578947368
0 0.42759051186017477 0.28125 0.011235955056179775 0.013157894736842105
0 0.4700374531835206 0.29523026315789475 0.01373283395755306 0.011513157894736841
0 0.46192259675405745 0.3125 0.012484394506866416 0.009868421052631578
0 0.44569288389513106 0.30180921052631576 0.009987515605493134 0.011513157894736841
0 0.4544319600499376 0.30180921052631576 0.00749063670411985 0.011513157894736841
0 0.367665418227216 0.2886513157894737 0.008739076154806492 0.011513157894736841
0 0.3489388264669164 0.3001644736842105 0.011235955056179775 0.011513157894736841
0 0.35143570536828966 0.27713815789473684 0.011235955056179775 0.011513157894736841
0 0.34581772784019976 0.2845394736842105 0.012484394506866416 0.009868421052631578
0 0.3495630461922597 0.22368421052631576 0.0149812734082397 0.009868421052631578
0 0.36329588014981273 0.21299342105263155 0.012484394506866416 0.011513157894736841
0 0.39013732833957554 0.4276315789473684 0.011235955056179775 0.013157894736842105
0 0.38202247191011235 0.3963815789473684 0.009987515605493134 0.013157894736842105
0 0.36891385767790263 0.42105263157894735 0.011235955056179775 0.009868421052631578
0 0.4051186017478152 0.5246710526315789 0.011235955056179775 0.013157894736842105
0 0.4151061173533084 0.5197368421052632 0.01373283395755306 0.009868421052631578
0 0.4900124843945069 0.4950657894736842 0.011235955056179775 0.013157894736842105
0 0.383270911360799 0.5 0.009987515605493134 0.009868421052631578
0 0.37952559300873906 0.5271381578947368 0.009987515605493134 0.011513157894736841
0 0.3888888888888889 0.53125 0.011235955056179775 0.009868421052631578
0 0.4581772784019975 0.4070723684210526 0.009987515605493134 0.011513157894736841
0 0.4544319600499376 0.3963815789473684 0.00749063670411985 0.009868421052631578
0 0.4612983770287141 0.3939144736842105 0.008739076154806492 0.011513157894736841
0 0.45880149812734083 0.515625 0.011235955056179775 0.008223684210526315
0 0.0986267166042447 0.08552631578947367 0.009987515605493134 0.009868421052631578
0 0.12172284644194757 0.06085526315789473 0.008739076154806492 0.006578947368421052
