0 0.5056179775280899 0.2976973684210526 0.012484394506866416 0.009868421052631578
0 0.5262172284644194 0.3223684210526316 0.011235955056179775 0.013157894736842105
0 0.5430711610486891 0.2976973684210526 0.0149812734082397 0.013157894736842105
0 0.5449438202247191 0.28371710526315785 0.016229712858926344 0.011513157894736841
0 0.5774032459425718 0.2425986842105263 0.011235955056179775 0.011513157894736841
0 0.5848938826466916 0.22615131578947367 0.01373283395755306 0.011513157894736841
0 0.5811485642946317 0.20230263157894735 0.016229712858926344 0.013157894736842105
0 0.44818976279650435 0.23601973684210525 0.012484394506866416 0.014802631578947368
0 0.4094881398252185 0.22039473684210525 0.0149812734082397 0.013157894736842105
0 0.4188514357053683 0.23601973684210525 0.01373283395755306 0.011513157894736841
0 0.049937578027465665 0.7179276315789473 0.009987515605493134 0.008223684210526315
0 0.3601747815230961 0.44243421052631576 0.01373283395755306 0.01644736842105263
0 0.36079900124843944 0.46792763157894735 0.0149812734082397 0.014802631578947368
0 0.3389513108614232 0.4564144736842105 0.01373283395755306 0.011513157894736841
0 0.3464419475655431 0.4432565789473684 0.01373283395755306 0.014802631578947368
0 0.4712858926342072 0.5049342105263157 0.016229712858926344 0.01644736842105263
0 0.38514357053682896 0.05921052631578947 0.016229712858926344 0.01644736842105263
0 0.3951310861423221 0.07730263157894736 0.01373283395755306 0.013157894736842105
0 0.3408239700374532 0.08552631578947367 0.012484394506866416 0.013157894736842105
0 0.2983770287141074 0.1439144736842105 0.012484394506866416 0.011513157894736841
0 0.2784019975031211 0.16282894736842105 0.012484394506866416 0.013157894736842105
0 0.22409488139825218 0.109375 0.016229712858926344 0.018092105263157895
0 0.2247191011235955 0.08799342105263157 0.012484394506866416 0.014802631578947368
0 0.4937578027465668 0.1488486842105263 0.016229712858926344 0.014802631578947368
0 0.47752808988764045 0.1595394736842105 0.011235955056179775 0.013157894736842105
0 0.4662921348314607 0.15460526315789472 0.011235955056179775 0.009868421052631578
