0 0.4781523096129838 0.31167763157894735 0.0149812734082397 0.018092105263157895
0 0.45380774032459426 0.27796052631578944 0.016229712858926344 0.023026315789473683
0 0.6448189762796505 0.3511513157894737 0.01373283395755306 0.024671052631578948
0 0.3383270911360799 0.18338815789473684 0.009987515605493134 0.018092105263157895
0 0.2721598002496879 0.02549342105263158 0.0149812734082397 0.021381578947368418
0 0.12172284644194757 0.049342105263157895 0.01373283395755306 0.029605263157894735
0 0.5449438202247191 0.09950657894736842 0.01373283395755306 0.024671052631578948
0 0.24282147315855182 0.8980263157894737 0.016229712858926344 0.01644736842105263
0 0.4126092384519351 0.32072368421052627 0.011235955056179775 0.013157894736842105
0 0.09488139825218476 0.44572368421052627 0.017478152309612985 0.019736842105263157
