0 0.31086142322097376 0.1069078947368421 0.0149812734082397 0.013157894736842105
0 0.20162297128589263 0.07154605263157894 0.01373283395755306 0.014802631578947368
0 0.22284644194756553 0.06578947368421052 0.016229712858926344 0.01644736842105263
0 0.17915106117353308 0.060032894736842105 0.01373283395755306 0.011513157894736841
0 0.19912609238451937 0.046052631578947366 0.01373283395755306 0.01644736842105263
0 0.18664169787765295 0.046052631578947366 0.01373283395755306 0.01644736842105263
0 0.37702871410736577 0.1825657894736842 0.0149812734082397 0.01644736842105263
0 0.3863920099875156 0.2006578947368421 0.01373283395755306 0.013157894736842105
0 0.33270911360799 0.20888157894736842 0.01373283395755306 0.013157894736842105
0 0.48626716604244696 0.27055921052631576 0.016229712858926344 0.014802631578947368
0 0.46941323345817726 0.2787828947368421 0.009987515605493134 0.014802631578947368
0 0.4044943820224719 0.33963815789473684 0.0149812734082397 0.011513157894736841
0 0.4425717852684145 0.35608552631578944 0.011235955056179775 0.014802631578947368
0 0.5393258426966292 0.4013157894736842 0.0149812734082397 0.013157894736842105
0 0.5380774032459426 0.4161184210526316 0.0149812734082397 0.013157894736842105
0 0.5006242197253433 0.4152960526315789 0.012484394506866416 0.011513157894736841
0 0.5218476903870163 0.43914473684210525 0.012484394506866416 0.013157894736842105
0 0.531210986267166 0.4317434210526316 0.01373283395755306 0.011513157894736841
0 0.5711610486891385 0.36184210526315785 0.011235955056179775 0.009868421052631578
0 0.5780274656679151 0.3445723684210526 0.012484394506866416 0.011513157894736841
0 0.5948813982521848 0.3289473684210526 0.016229712858926344 0.013157894736842105
0 0.5736579275905118 0.32072368421052627 0.01373283395755306 0.013157894736842105
0 0.416354556803995 0.3667763157894737 0.01373283395755306 0.013157894736842105
0 0.41385767790262173 0.35526315789473684 0.01373283395755306 0.009868421052631578
0 0.3920099875156055 0.35855263157894735 0.012484394506866416 0.009868421052631578
0 0.29213483146067415 0.2902960526315789 0.0149812734082397 0.011513157894736841
0 0.27153558052434457 0.2713815789473684 0.01373283395755306 0.009868421052631578
0 0.29275905118601747 0.265625 0.01373283395755306 0.011513157894736841
0 0.21785268414481898 0.21217105263157893 0.01373283395755306 0.013157894736842105
0 0.2702871410736579 0.140625 0.01373283395755306 0.011513157894736841
0 0.29525593008739076 0.12006578947368421 0.016229712858926344 0.013157894736842105
0 0.2184769038701623 0.23601973684210525 0.012484394506866416 0.011513157894736841
0 0.19912609238451937 0.21957236842105263 0.011235955056179775 0.014802631578947368
0 0.3645443196004994 0.2113486842105263 0.0149812734082397 0.011513157894736841
0 0.3707865168539326 0.20476973684210525 0.0149812734082397 0.011513157894736841
0 0.16729088639200998 0.12746710526315788 0.019975031210986267 0.014802631578947368
0 0.132334581772784 0.1381578947368421 0.009987515605493134 0.009868421052631578
0 0.05118601747815231 0.8733552631578947 0.012484394506866416 0.013157894736842105
0 0.27340823970037453 0.2870065789473684 0.0149812734082397 0.014802631578947368
