0 0.5405742821473158 0.6365131578947368 0.02247191011235955 0.019736842105263157
0 0.49625468164794007 0.5279605263157895 0.018726591760299626 0.019736842105263157
0 0.6298377028714107 0.765625 0.02372034956304619 0.03453947368421052
0 0.5012484394506866 1.0452302631578947 0.016229712858926344 0.02796052631578947
0 0.3882646691635456 1.004111842105263 0.024968789013732832 0.05427631578947368
0 0.19288389513108614 0.6546052631578947 0.018726591760299626 0.023026315789473683
0 0.5961298377028714 0.10444078947368421 0.018726591760299626 0.021381578947368418
0 0.4706616729088639 0.20723684210526314 0.012484394506866416 0.023026315789473683
0 0.5667915106117354 0.30921052631578944 0.019975031210986267 0.01644736842105263
0 0.09238451935081149 0.2162828947368421 0.0149812734082397 0.021381578947368418
