0 0.4794007490636704 0.12335526315789473 0.0299625468164794 0.02631578947368421
0 0.34019975031210986 0.1875 0.031210986267166042 0.039473684210526314
0 0.5493133583021224 0.2319078947368421 0.024968789013732832 0.03618421052631579
0 0.583645443196005 0.41858552631578944 0.033707865168539325 0.03125
0 0.4207240948813983 0.5904605263157895 0.03245942571785269 0.03289473684210526
0 0.46504369538077406 0.6373355263157895 0.031210986267166042 0.03125
0 0.50187265917603 0.6414473684210525 0.02746566791510612 0.03289473684210526
0 0.5149812734082397 0.11595394736842105 0.033707865168539325 0.03125
0 0.5087390761548065 0.14638157894736842 0.02871410736579276 0.03618421052631579
0 0.5362047440699126 0.1356907894736842 0.031210986267166042 0.02796052631578947
0 0.36891385767790263 0.13651315789473684 0.02871410736579276 0.03289473684210526
0 0.3545568039950062 0.16365131578947367 0.02746566791510612 0.02796052631578947
0 0.2802746566791511 0.15871710526315788 0.026217228464419477 0.02796052631578947
0 0.4525593008739076 0.3807565789473684 0.026217228464419477 0.03453947368421052
0 0.4706616729088639 0.41118421052631576 0.024968789013732832 0.019736842105263157
0 0.2184769038701623 0.35526315789473684 0.03495630461922597 0.03289473684210526
0 0.19975031210986266 0.575657894736842 0.0299625468164794 0.03289473684210526
0 0.22846441947565543 0.5633223684210527 0.0299625468164794 0.03125
0 0.26779026217228463 0.6036184210526315 0.026217228464419477 0.03289473684210526
0 0.22596754057428214 0.6241776315789473 0.0299625468164794 0.02796052631578947
0 0.23220973782771537 0.6735197368421052 0.0299625468164794 0.03453947368421052
0 0.4313358302122347 0.9473684210526315 0.033707865168539325 0.029605263157894735
0 0.5124843945068664 0.959703947368421 0.03870162297128589 0.03782894736842105
0 0.28651685393258425 0.8988486842105262 0.026217228464419477 0.03453947368421052
0 0.266541822721598 0.9407894736842105 0.031210986267166042 0.03618421052631579
0 0.25031210986267166 0.9794407894736842 0.031210986267166042 0.024671052631578948
0 0.27902621722846443 1.022203947368421 0.026217228464419477 0.03782894736842105
0 0.2546816479400749 0.9078947368421052 0.024968789013732832 0.02631578947368421
0 0.4781523096129838 0.8914473684210525 0.0299625468164794 0.023026315789473683
0 0.5106117353308365 0.9046052631578947 0.02746566791510612 0.029605263157894735
0 0.4912609238451935 0.6965460526315789 0.026217228464419477 0.03453947368421052
0 0.28277153558052437 1.1702302631578947 0.02871410736579276 0.02796052631578947
0 0.5124843945068664 1.1800986842105263 0.026217228464419477 0.03125
0 0.5149812734082397 1.227796052631579 0.02372034956304619 0.03453947368421052
0 0.35767790262172283 1.21875 0.033707865168539325 0.03289473684210526
0 0.29775280898876405 1.2623355263157894 0.026217228464419477 0.03453947368421052
