0 0.2883895131086142 0.59375 0.0149812734082397 0.023026315789473683
0 0.5411985018726592 0.6110197368421052 0.016229712858926344 0.021381578947368418
0 0.7409488139825219 0.9925986842105262 0.016229712858926344 0.03453947368421052
0 0.6410736579275905 0.9169407894736842 0.018726591760299626 0.02796052631578947
0 0.3595505617977528 1.0337171052631577 0.019975031210986267 0.021381578947368418
0 0.28901373283395754 0.48026315789473684 0.016229712858926344 0.023026315789473683
0 0.7696629213483146 0.4876644736842105 0.01373283395755306 0.021381578947368418
0 0.6741573033707865 0.2763157894736842 0.0149812734082397 0.01644736842105263
0 0.16541822721598004 0.8552631578947368 0.01373283395755306 0.02631578947368421
0 0.08052434456928839 1.106907894736842 0.016229712858926344 0.023026315789473683
0 0.25593008739076156 0.6652960526315789 0.0149812734082397 0.014802631578947368
