0 0.23096129837702872 0.4350328947368421 0.024968789013732832 0.018092105263157895
0 0.27340823970037453 0.5090460526315789 0.019975031210986267 0.018092105263157895
0 0.1523096129837703 0.4070723684210526 0.0149812734082397 0.014802631578947368
0 0.21972534332084895 0.26726973684210525 0.017478152309612985 0.018092105263157895
0 0.11735330836454431 0.9983552631578947 0.02247191011235955 0.023026315789473683
0 0.0780274656679151 0.8273026315789473 0.01373283395755306 0.019736842105263157
0 0.132334581772784 0.7541118421052632 0.012484394506866416 0.021381578947368418
0 0.250936329588015 0.48601973684210525 0.0149812734082397 0.024671052631578948
0 0.1404494382022472 0.1488486842105263 0.008739076154806492 0.018092105263157895
0 0.4756554307116105 0.05098684210526316 0.017478152309612985 0.02631578947368421
0 0.6398252184769039 0.3001644736842105 0.011235955056179775 0.021381578947368418
