0 0.6716604244694132 0.9539473684210525 0.019975031210986267 0.02631578947368421
0 0.6004993757802747 0.9654605263157894 0.019975031210986267 0.029605263157894735
0 0.6098626716604245 0.6463815789473684 0.018726591760299626 0.02631578947368421
0 0.10424469413233459 1.0699013157894737 0.018726591760299626 0.021381578947368418
0 0.19850187265917604 1.1217105263157894 0.019975031210986267 0.01644736842105263
0 0.1735330836454432 0.957236842105263 0.024968789013732832 0.029605263157894735
0 0.28464419475655434 0.5550986842105263 0.019975031210986267 0.021381578947368418
0 0.5112359550561798 0.7894736842105263 0.026217228464419477 0.019736842105263157
0 0.6111111111111112 0.5 0.01373283395755306 0.01644736842105263
0 0.2940074906367041 0.3100328947368421 0.016229712858926344 0.03782894736842105
0 0.7097378277153558 0.4983552631578947 0.02122347066167291 0.029605263157894735
