0 0.5093632958801498 0.055098684210526314 0.0299625468164794 0.024671052631578948
0 0.5761548064918851 0.15625 0.026217228464419477 0.03618421052631579
0 0.32209737827715357 0.09046052631578946 0.024968789013732832 0.02631578947368421
0 0.40636704119850187 0.06825657894736842 0.02871410736579276 0.03125
0 0.6111111111111112 0.32976973684210525 0.031210986267166042 0.02796052631578947
0 0.48876404494382025 0.2976973684210526 0.02372034956304619 0.03289473684210526
0 0.5056179775280899 0.3256578947368421 0.024968789013732832 0.019736842105263157
0 0.5630461922596754 0.359375 0.03495630461922597 0.03125
0 0.26529338327091134 0.2763157894736842 0.02871410736579276 0.02631578947368421
0 0.4606741573033708 0.4950657894736842 0.02746566791510612 0.029605263157894735
0 0.5024968789013733 0.5394736842105263 0.02871410736579276 0.03289473684210526
0 0.5374531835205992 0.5411184210526315 0.026217228464419477 0.03289473684210526
0 0.5274656679151061 0.59375 0.026217228464419477 0.029605263157894735
0 0.31647940074906367 0.5090460526315789 0.02372034956304619 0.02796052631578947
0 0.2784019975031211 0.47121710526315785 0.02746566791510612 0.02796052631578947
0 0.2515605493133583 0.4827302631578947 0.026217228464419477 0.03125
0 0.27715355805243447 0.528782894736842 0.024968789013732832 0.02796052631578947
0 0.28214731585518105 0.5731907894736842 0.02746566791510612 0.03125
0 0.5555555555555556 0.8478618421052632 0.039950062421972535 0.03453947368421052
0 0.521223470661673 0.78125 0.02871410736579276 0.02631578947368421
0 0.5755305867665418 0.7853618421052632 0.02247191011235955 0.02796052631578947
0 0.5530586766541823 0.7927631578947368 0.02746566791510612 0.029605263157894735
0 0.4787765293383271 0.8371710526315789 0.031210986267166042 0.02631578947368421
0 0.33707865168539325 0.7919407894736842 0.02746566791510612 0.02796052631578947
0 0.31835205992509363 0.8338815789473684 0.024968789013732832 0.029605263157894735
0 0.30274656679151063 0.8733552631578947 0.031210986267166042 0.02631578947368421
0 0.3333333333333333 0.9152960526315789 0.03245942571785269 0.03782894736842105
0 0.3052434456928839 0.8026315789473684 0.02372034956304619 0.023026315789473683
0 0.6098626716604245 1.053453947368421 0.031210986267166042 0.03782894736842105
0 0.5611735330836455 1.0682565789473684 0.026217228464419477 0.02796052631578947
0 0.5661672908863921 1.118421052631579 0.02372034956304619 0.03289473684210526
0 0.3358302122347066 1.0633223684210527 0.02746566791510612 0.02796052631578947
0 0.4076154806491885 1.1118421052631577 0.033707865168539325 0.03289473684210526
0 0.35330836454431963 1.1595394736842104 0.024968789013732832 0.03289473684210526
