0 0.601123595505618 0.5032894736842105 0.02871410736579276 0.02631578947368421
0 0.4975031210986267 0.515625 0.026217228464419477 0.03453947368421052
0 0.264669163545568 0.014802631578947368 0.024968789013732832 0.02631578947368421
0 0.5156054931335831 0.07976973684210525 0.024968789013732832 0.03453947368421052
0 0.5461922596754057 0.2532894736842105 0.031210986267166042 0.029605263157894735
0 0.4975031210986267 0.2820723684210526 0.02871410736579276 0.03125
0 0.4257178526841448 0.22039473684210525 0.024968789013732832 0.029605263157894735
0 0.44319600499375783 0.25 0.024968789013732832 0.023026315789473683
0 0.25593008739076156 0.23355263157894735 0.0299625468164794 0.02631578947368421
0 0.20474406991260924 0.19654605263157893 0.0299625468164794 0.02796052631578947
0 0.39637952559300876 0.4161184210526316 0.031210986267166042 0.02631578947368421
0 0.4363295880149813 0.4605263157894737 0.026217228464419477 0.029605263157894735
0 0.4706616729088639 0.4629934210526315 0.02746566791510612 0.03125
0 0.4600499375780275 0.5139802631578947 0.02871410736579276 0.03125
0 0.21910112359550563 0.49259868421052627 0.02871410736579276 0.02796052631578947
0 0.25280898876404495 0.4292763157894737 0.02372034956304619 0.029605263157894735
0 0.2128589263420724 0.4465460526315789 0.02871410736579276 0.03125
0 0.21598002496878901 0.390625 0.02746566791510612 0.03125
0 0.18851435705368288 0.4013157894736842 0.02746566791510612 0.03289473684210526
0 0.5031210986267166 0.703125 0.024968789013732832 0.024671052631578948
0 0.449438202247191 0.6990131578947368 0.02746566791510612 0.019736842105263157
0 0.40636704119850187 0.7524671052631579 0.031210986267166042 0.02796052631578947
0 0.48314606741573035 0.765625 0.03745318352059925 0.03453947368421052
0 0.2690387016229713 0.7047697368421052 0.02871410736579276 0.03125
0 0.2365792759051186 0.7138157894736842 0.02372034956304619 0.023026315789473683
0 0.24656679151061173 0.7467105263157894 0.026217228464419477 0.029605263157894735
0 0.23158551810237205 0.7845394736842105 0.033707865168539325 0.02631578947368421
0 0.2596754057428215 0.8264802631578947 0.0299625468164794 0.03453947368421052
0 0.5318352059925093 0.9761513157894737 0.03245942571785269 0.03453947368421052
0 0.484394506866417 0.988486842105263 0.024968789013732832 0.029605263157894735
0 0.4875156054931336 1.040296052631579 0.026217228464419477 0.03125
0 0.2596754057428215 0.9777960526315789 0.02746566791510612 0.02796052631578947
0 0.33208489388264667 1.0279605263157894 0.03495630461922597 0.03618421052631579
