0 0.43508114856429464 0.6513157894736842 0.01373283395755306 0.009868421052631578
0 0.5717852684144819 0.37911184210526316 0.0149812734082397 0.011513157894736841
0 0.45880149812734083 0.553453947368421 0.016229712858926344 0.011513157894736841
0 0.3233458177278402 0.7064144736842105 0.009987515605493134 0.011513157894736841
0 0.3121098626716604 0.7417763157894737 0.009987515605493134 0.009868421052631578
0 0.34831460674157305 0.6735197368421052 0.009987515605493134 0.011513157894736841
0 0.4207240948813983 0.7582236842105263 0.0149812734082397 0.013157894736842105
0 0.27340823970037453 0.36348684210526316 0.012484394506866416 0.013157894736842105
0 0.32147315855181025 0.412828947368421 0.01373283395755306 0.009868421052631578
0 0.3439450686641698 0.4629934210526315 0.011235955056179775 0.011513157894736841
0 0.5555555555555556 0.3651315789473684 0.012484394506866416 0.009868421052631578
0 0.6310861423220974 0.4432565789473684 0.008739076154806492 0.011513157894736841
0 0.5305867665418227 0.8001644736842105 0.012484394506866416 0.011513157894736841
0 0.36142322097378277 0.28536184210526316 0.01373283395755306 0.011513157894736841
0 0.25530586766541824 0.30098684210526316 0.008739076154806492 0.009868421052631578
0 0.25031210986267166 0.31661184210526316 0.008739076154806492 0.008223684210526315
0 0.5056179775280899 0.43914473684210525 0.017478152309612985 0.009868421052631578
0 0.4556803995006242 0.5386513157894737 0.009987515605493134 0.011513157894736841
0 0.6054931335830213 0.9366776315789473 0.0149812734082397 0.011513157894736841
0 0.5156054931335831 0.28536184210526316 0.009987515605493134 0.011513157894736841
0 0.44382022471910115 0.5879934210526315 0.01373283395755306 0.011513157894736841
0 0.43008739076154806 0.615953947368421 0.01373283395755306 0.011513157894736841
0 0.3233458177278402 0.6907894736842105 0.012484394506866416 0.009868421052631578
