0 0.3620474406991261 0.2870065789473684 0.0149812734082397 0.011513157894736841
0 0.3202247191011236 0.4136513157894737 0.016229712858926344 0.011513157894736841
0 0.5549313358302123 0.3667763157894737 0.011235955056179775 0.009868421052631578
0 0.5717852684144819 0.3807565789473684 0.012484394506866416 0.011513157894736841
0 0.5156054931335831 0.28618421052631576 0.009987515605493134 0.009868421052631578
0 0.25593008739076156 0.30098684210526316 0.009987515605493134 0.013157894736842105
0 0.25031210986267166 0.3199013157894737 0.011235955056179775 0.008223684210526315
0 0.2727840199750312 0.365953947368421 0.01373283395755306 0.011513157894736841
0 0.4581772784019975 0.5550986842105263 0.012484394506866416 0.011513157894736841
0 0.45630461922596754 0.5402960526315789 0.011235955056179775 0.011513157894736841
0 0.42946317103620474 0.5238486842105263 0.009987515605493134 0.008223684210526315
0 0.3439450686641698 0.46463815789473684 0.011235955056179775 0.011513157894736841
0 0.39263420724094883 0.47697368421052627 0.011235955056179775 0.009868421052631578
0 0.42946317103620474 0.6167763157894737 0.009987515605493134 0.009868421052631578
0 0.4344569288389513 0.6504934210526315 0.012484394506866416 0.011513157894736841
0 0.32397003745318353 0.7072368421052632 0.008739076154806492 0.009868421052631578
0 0.3114856429463171 0.7417763157894737 0.011235955056179775 0.009868421052631578
0 0.6054931335830213 0.9366776315789473 0.0149812734082397 0.011513157894736841
0 0.630461922596754 0.444078947368421 0.00749063670411985 0.009868421052631578
0 0.45131086142322097 0.2220394736842105 0.011235955056179775 0.009868421052631578
0 0.44319600499375783 0.5879934210526315 0.0149812734082397 0.011513157894736841
0 0.34831460674157305 0.6743421052631579 0.009987515605493134 0.009868421052631578
