0 0.250936329588015 0.3256578947368421 0.009987515605493134 0.009868421052631578
0 0.27340823970037453 0.37171052631578944 0.00749063670411985 0.009868421052631578
0 0.3208489388264669 0.4202302631578947 0.0149812734082397 0.011513157894736841
0 0.4556803995006242 0.5460526315789473 0.009987515605493134 0.009868421052631578
0 0.45880149812734083 0.5625 0.016229712858926344 0.013157894736842105
0 0.4344569288389513 0.6570723684210525 0.012484394506866416 0.008223684210526315
0 0.34769038701622973 0.6809210526315789 0.008739076154806492 0.009868421052631578
0 0.32459425717852686 0.7129934210526315 0.009987515605493134 0.011513157894736841
0 0.32459425717852686 0.6973684210526315 0.012484394506866416 0.009868421052631578
0 0.3439450686641698 0.47039473684210525 0.011235955056179775 0.009868421052631578
0 0.39325842696629215 0.48355263157894735 0.012484394506866416 0.009868421052631578
0 0.5555555555555556 0.3725328947368421 0.009987515605493134 0.008223684210526315
0 0.5717852684144819 0.3881578947368421 0.012484394506866416 0.009868421052631578
0 0.630461922596754 0.4514802631578947 0.009987515605493134 0.008223684210526315
0 0.5156054931335831 0.29276315789473684 0.009987515605493134 0.009868421052631578
0 0.44382022471910115 0.5945723684210525 0.01373283395755306 0.011513157894736841
0 0.5299625468164794 0.8067434210526315 0.011235955056179775 0.011513157894736841
0 0.4207240948813983 0.7648026315789473 0.0149812734082397 0.013157894736842105
0 0.3439450686641698 0.16858552631578946 0.011235955056179775 0.011513157894736841
0 0.4525593008739076 0.2269736842105263 0.011235955056179775 0.009868421052631578
0 0.4712858926342072 0.19983552631578946 0.011235955056179775 0.008223684210526315
0 0.5043695380774033 0.4481907894736842 0.019975031210986267 0.011513157894736841
