0 0.6610486891385768 0.5328947368421052 0.026217228464419477 0.023026315789473683
0 0.49625468164794007 0.046875 0.016229712858926344 0.03125
0 0.49250936329588013 0.16365131578947367 0.018726591760299626 0.018092105263157895
0 0.5187265917602997 0.25164473684210525 0.02372034956304619 0.023026315789473683
0 0.4794007490636704 0.2598684210526316 0.0149812734082397 0.02631578947368421
0 0.5062421972534332 0.4202302631578947 0.02372034956304619 0.018092105263157895
0 0.4756554307116105 0.3848684210526316 0.017478152309612985 0.029605263157894735
0 0.45942571785268416 0.3848684210526316 0.017478152309612985 0.01644736842105263
0 0.13670411985018727 0.13980263157894737 0.018726591760299626 0.02631578947368421
0 0.15917602996254682 0.16282894736842105 0.031210986267166042 0.019736842105263157
0 0.1404494382022472 0.17269736842105263 0.02122347066167291 0.03289473684210526
0 0.1641697877652934 0.3725328947368421 0.02122347066167291 0.018092105263157895
0 0.1285892634207241 0.365953947368421 0.019975031210986267 0.02796052631578947
0 0.14794007490636704 0.3856907894736842 0.02372034956304619 0.018092105263157895
