0 0.49313358302122345 0.03289473684210526 0.024968789013732832 0.023026315789473683
0 0.4812734082397004 0.07154605263157894 0.016229712858926344 0.03125
0 0.48064918851435706 0.18667763157894735 0.019975031210986267 0.018092105263157895
0 0.5093632958801498 0.272203947368421 0.024968789013732832 0.021381578947368418
0 0.4700374531835206 0.28042763157894735 0.016229712858926344 0.024671052631578948
0 0.50187265917603 0.43914473684210525 0.024968789013732832 0.019736842105263157
0 0.4556803995006242 0.40542763157894735 0.017478152309612985 0.018092105263157895
0 0.4712858926342072 0.4046052631578947 0.018726591760299626 0.029605263157894735
0 0.12796504369538078 0.17351973684210525 0.018726591760299626 0.02796052631578947
0 0.11922596754057428 0.19983552631578946 0.01373283395755306 0.024671052631578948
0 0.14294631710362046 0.26809210526315785 0.02871410736579276 0.01644736842105263
0 0.1616729088639201 0.4004934210526316 0.02122347066167291 0.018092105263157895
0 0.14606741573033707 0.41447368421052627 0.02247191011235955 0.01644736842105263
0 0.12609238451935081 0.39473684210526316 0.019975031210986267 0.029605263157894735
0 0.1104868913857678 0.41447368421052627 0.016229712858926344 0.02631578947368421
