0 0.48626716604244696 0.02549342105263158 0.02372034956304619 0.024671052631578948
0 0.47503121098626716 0.0649671052631579 0.016229712858926344 0.03125
0 0.4781523096129838 0.18092105263157893 0.019975031210986267 0.01644736842105263
0 0.4706616729088639 0.2754934210526316 0.0149812734082397 0.024671052631578948
0 0.5062421972534332 0.43338815789473684 0.02372034956304619 0.021381578947368418
0 0.45692883895131087 0.4004934210526316 0.017478152309612985 0.018092105263157895
0 0.47440699126092384 0.3996710526315789 0.017478152309612985 0.029605263157894735
0 0.1641697877652934 0.4037828947368421 0.02122347066167291 0.018092105263157895
0 0.14856429463171036 0.41858552631578944 0.024968789013732832 0.014802631578947368
0 0.11298377028714107 0.4194078947368421 0.016229712858926344 0.02631578947368421
0 0.14294631710362046 0.27055921052631576 0.02871410736579276 0.014802631578947368
0 0.12421972534332085 0.17598684210526314 0.016229712858926344 0.02631578947368421
