0 0.2940074906367041 0.2582236842105263 0.02372034956304619 0.01644736842105263
0 0.3838951310861423 0.29934210526315785 0.016229712858926344 0.023026315789473683
0 0.4076154806491885 0.30509868421052627 0.01373283395755306 0.021381578947368418
0 0.39325842696629215 0.359375 0.024968789013732832 0.014802631578947368
0 0.43820224719101125 0.34375 0.02247191011235955 0.013157894736842105
0 0.315230961298377 0.28289473684210525 0.01373283395755306 0.01644736842105263
0 0.31023720349563044 0.33305921052631576 0.01373283395755306 0.018092105263157895
0 0.3252184769038702 0.33305921052631576 0.016229712858926344 0.021381578947368418
0 0.3358302122347066 0.3256578947368421 0.0149812734082397 0.023026315789473683
0 0.2808988764044944 0.34621710526315785 0.017478152309612985 0.011513157894736841
0 0.11173533083645443 0.3215460526315789 0.01373283395755306 0.014802631578947368
0 0.31086142322097376 0.43914473684210525 0.012484394506866416 0.023026315789473683
0 0.521223470661673 0.390625 0.018726591760299626 0.014802631578947368
0 0.42009987515605496 0.41118421052631576 0.016229712858926344 0.019736842105263157
0 0.3857677902621723 0.42434210526315785 0.02746566791510612 0.01644736842105263
0 0.43508114856429464 0.45559210526315785 0.01373283395755306 0.023026315789473683
0 0.4612983770287141 0.4572368421052631 0.016229712858926344 0.019736842105263157
0 0.4912609238451935 0.45230263157894735 0.018726591760299626 0.01644736842105263
0 0.40012484394506864 0.5123355263157895 0.01373283395755306 0.021381578947368418
0 0.37453183520599254 0.5254934210526315 0.02247191011235955 0.018092105263157895
0 0.47191011235955055 0.5460526315789473 0.02247191011235955 0.019736842105263157
0 0.49875156054931336 0.7039473684210525 0.026217228464419477 0.023026315789473683
0 0.48813982521847693 0.7294407894736842 0.017478152309612985 0.014802631578947368
0 0.3445692883895131 0.7598684210526315 0.024968789013732832 0.01644736842105263
0 0.3526841448189763 0.819078947368421 0.02122347066167291 0.019736842105263157
0 0.37515605493133586 0.8297697368421052 0.02372034956304619 0.018092105263157895
0 0.3258426966292135 0.6644736842105263 0.024968789013732832 0.01644736842105263
0 0.29525593008739076 0.6578947368421052 0.011235955056179775 0.013157894736842105
0 0.28277153558052437 0.6726973684210525 0.016229712858926344 0.01644736842105263
0 0.2421972534332085 0.6258223684210525 0.0299625468164794 0.018092105263157895
0 0.20536828963795256 0.6743421052631579 0.031210986267166042 0.01644736842105263
0 0.25031210986267166 0.734375 0.01373283395755306 0.021381578947368418
0 0.21098626716604246 0.8330592105263157 0.024968789013732832 0.018092105263157895
0 0.46941323345817726 0.8684210526315789 0.017478152309612985 0.02631578947368421
0 0.4550561797752809 0.9942434210526315 0.02372034956304619 0.024671052631578948
0 0.06928838951310862 0.36430921052631576 0.016229712858926344 0.018092105263157895
