0 0.2940074906367041 0.2590460526315789 0.02372034956304619 0.014802631578947368
0 0.4076154806491885 0.3042763157894737 0.016229712858926344 0.023026315789473683
0 0.3838951310861423 0.30180921052631576 0.016229712858926344 0.021381578947368418
0 0.39325842696629215 0.3601973684210526 0.024968789013732832 0.013157894736842105
0 0.43757802746566793 0.34375 0.02122347066167291 0.01644736842105263
0 0.5205992509363296 0.39226973684210525 0.019975031210986267 0.014802631578947368
0 0.3096129837702871 0.334703947368421 0.0149812734082397 0.018092105263157895
0 0.3364544319600499 0.32730263157894735 0.016229712858926344 0.019736842105263157
0 0.32459425717852686 0.33223684210526316 0.019975031210986267 0.019736842105263157
0 0.49250936329588013 0.4514802631578947 0.02122347066167291 0.014802631578947368
0 0.4344569288389513 0.45559210526315785 0.012484394506866416 0.023026315789473683
0 0.4600499375780275 0.4572368421052631 0.018726591760299626 0.019736842105263157
0 0.3714107365792759 0.4638157894736842 0.016229712858926344 0.023026315789473683
0 0.31023720349563044 0.4407894736842105 0.01373283395755306 0.019736842105263157
0 0.37453183520599254 0.5263157894736842 0.024968789013732832 0.019736842105263157
0 0.3995006242197253 0.5123355263157895 0.0149812734082397 0.021381578947368418
0 0.47191011235955055 0.546875 0.024968789013732832 0.021381578947368418
0 0.3863920099875156 0.4251644736842105 0.02871410736579276 0.014802631578947368
0 0.42009987515605496 0.4120065789473684 0.01373283395755306 0.018092105263157895
0 0.2815230961298377 0.3470394736842105 0.02122347066167291 0.013157894736842105
0 0.2933832709113608 0.6587171052631579 0.012484394506866416 0.014802631578947368
0 0.24282147315855182 0.6282894736842105 0.033707865168539325 0.019736842105263157
0 0.48813982521847693 0.7302631578947368 0.02247191011235955 0.01644736842105263
0 0.49812734082397003 0.7039473684210525 0.02746566791510612 0.023026315789473683
0 0.25031210986267166 0.7368421052631579 0.01373283395755306 0.023026315789473683
0 0.20536828963795256 0.6751644736842105 0.031210986267166042 0.018092105263157895
0 0.3739076154806492 0.8314144736842105 0.02372034956304619 0.018092105263157895
0 0.352059925093633 0.8199013157894737 0.019975031210986267 0.021381578947368418
0 0.4681647940074906 0.8684210526315789 0.017478152309612985 0.02631578947368421
0 0.21161048689138576 0.8355263157894737 0.026217228464419477 0.019736842105263157
0 0.3464419475655431 0.763157894736842 0.02871410736579276 0.01644736842105263
0 0.11235955056179775 0.3223684210526316 0.017478152309612985 0.019736842105263157
0 0.0686641697877653 0.3651315789473684 0.017478152309612985 0.019736842105263157
0 0.45692883895131087 0.9958881578947368 0.024968789013732832 0.024671052631578948
