0 0.31023720349563044 0.44243421052631576 0.01373283395755306 0.019736842105263157
0 0.3739076154806492 0.46546052631578944 0.016229712858926344 0.023026315789473683
0 0.4363295880149813 0.4605263157894737 0.016229712858926344 0.023026315789473683
0 0.4606741573033708 0.459703947368421 0.017478152309612985 0.024671052631578948
0 0.521223470661673 0.3939144736842105 0.018726591760299626 0.018092105263157895
0 0.4213483146067416 0.41447368421052627 0.01373283395755306 0.019736842105263157
0 0.3863920099875156 0.42680921052631576 0.02871410736579276 0.018092105263157895
0 0.3995006242197253 0.5148026315789473 0.017478152309612985 0.019736842105263157
0 0.3739076154806492 0.5279605263157895 0.02122347066167291 0.019736842105263157
0 0.47253433208489387 0.5509868421052632 0.02372034956304619 0.019736842105263157
0 0.3938826466916355 0.36101973684210525 0.02372034956304619 0.014802631578947368
0 0.4394506866416979 0.34621710526315785 0.02247191011235955 0.014802631578947368
0 0.4076154806491885 0.3075657894736842 0.016229712858926344 0.023026315789473683
0 0.3838951310861423 0.3026315789473684 0.018726591760299626 0.01644736842105263
0 0.33707865168539325 0.3289473684210526 0.0149812734082397 0.019736842105263157
0 0.3096129837702871 0.3371710526315789 0.012484394506866416 0.01644736842105263
0 0.2808988764044944 0.3495065789473684 0.0149812734082397 0.014802631578947368
0 0.2958801498127341 0.26151315789473684 0.02247191011235955 0.013157894736842105
0 0.352059925093633 0.8240131578947368 0.019975031210986267 0.01644736842105263
0 0.37453183520599254 0.8338815789473684 0.019975031210986267 0.019736842105263157
0 0.49812734082397003 0.7064144736842105 0.02746566791510612 0.021381578947368418
0 0.4900124843945069 0.7327302631578947 0.02122347066167291 0.014802631578947368
0 0.25031210986267166 0.7384868421052632 0.01373283395755306 0.019736842105263157
0 0.3233458177278402 0.6661184210526315 0.017478152309612985 0.01644736842105263
0 0.29463171036204744 0.6620065789473684 0.012484394506866416 0.014802631578947368
0 0.20474406991260924 0.6776315789473684 0.03245942571785269 0.01644736842105263
0 0.24094881398252185 0.6307565789473684 0.03245942571785269 0.018092105263157895
0 0.2128589263420724 0.8379934210526315 0.02372034956304619 0.018092105263157895
0 0.3445692883895131 0.7639802631578947 0.02746566791510612 0.018092105263157895
0 0.46878901373283394 0.8708881578947368 0.016229712858926344 0.024671052631578948
0 0.45630461922596754 0.997532894736842 0.02122347066167291 0.024671052631578948
0 0.4937578027465668 0.45559210526315785 0.02122347066167291 0.01644736842105263
0 0.11111111111111112 0.3256578947368421 0.0149812734082397 0.019736842105263157
0 0.06803995006242197 0.3684210526315789 0.016229712858926344 0.019736842105263157
0 0.2815230961298377 0.6776315789473684 0.016229712858926344 0.01644736842105263
0 0.18664169787765295 0.7269736842105263 0.018726591760299626 0.01644736842105263
