0 0.6697877652933832 0.8453947368421052 0.026217228464419477 0.02631578947368421
0 0.5493133583021224 0.4325657894736842 0.017478152309612985 0.01644736842105263
0 0.6697877652933832 0.3470394736842105 0.02122347066167291 0.01644736842105263
0 0.6947565543071161 0.5337171052631579 0.02122347066167291 0.021381578947368418
0 0.6803995006242197 1.189144736842105 0.019975031210986267 0.023026315789473683
0 0.1941323345817728 1.225328947368421 0.026217228464419477 0.02631578947368421
0 0.15106117353308365 0.1800986842105263 0.017478152309612985 0.021381578947368418
0 0.2397003745318352 0.15871710526315788 0.019975031210986267 0.021381578947368418
0 0.4038701622971286 0.7648026315789473 0.018726591760299626 0.019736842105263157
0 0.6885143570536829 0.5452302631578947 0.01373283395755306 0.018092105263157895
