0 0.6704119850187266 0.8478618421052632 0.02746566791510612 0.024671052631578948
0 0.6797752808988764 1.1899671052631577 0.02122347066167291 0.024671052631578948
0 0.19288389513108614 1.2245065789473684 0.02372034956304619 0.02796052631578947
0 0.5499375780274657 0.4350328947368421 0.018726591760299626 0.018092105263157895
0 0.6935081148564295 0.5337171052631579 0.018726591760299626 0.021381578947368418
0 0.6697877652933832 0.34786184210526316 0.02122347066167291 0.018092105263157895
0 0.2727840199750312 0.546875 0.02372034956304619 0.014802631578947368
0 0.15043695380774033 0.18338815789473684 0.018726591760299626 0.018092105263157895
0 0.2390761548064919 0.16282894736842105 0.018726591760299626 0.019736842105263157
0 0.4038701622971286 0.7680921052631579 0.02122347066167291 0.019736842105263157
0 0.6885143570536829 0.5476973684210527 0.01373283395755306 0.01644736842105263
