0 0.21036204744069914 0.5123355263157895 0.018726591760299626 0.024671052631578948
0 0.10799001248439451 0.3445723684210526 0.016229712858926344 0.024671052631578948
0 0.08739076154806492 0.3996710526315789 0.019975031210986267 0.01644736842105263
0 0.46254681647940077 0.3840460526315789 0.016229712858926344 0.021381578947368418
0 0.5274656679151061 0.5666118421052632 0.01373283395755306 0.014802631578947368
0 0.28714107365792757 0.5583881578947368 0.0149812734082397 0.014802631578947368
0 0.13670411985018727 0.5485197368421052 0.01373283395755306 0.021381578947368418
0 0.0749063670411985 0.7590460526315789 0.0299625468164794 0.018092105263157895
0 0.2247191011235955 0.7804276315789473 0.017478152309612985 0.021381578947368418
0 0.7228464419475655 0.7105263157894737 0.019975031210986267 0.023026315789473683
0 0.6841448189762797 0.8470394736842105 0.0149812734082397 0.03289473684210526
0 0.6360799001248439 0.8585526315789473 0.01373283395755306 0.023026315789473683
0 0.37952559300873906 0.872532894736842 0.0149812734082397 0.021381578947368418
0 0.25280898876404495 1.069078947368421 0.02372034956304619 0.01644736842105263
0 0.601123595505618 0.9621710526315789 0.018726591760299626 0.019736842105263157
0 0.6841448189762797 1.1949013157894737 0.02247191011235955 0.021381578947368418
