0 0.21098626716604246 0.5123355263157895 0.019975031210986267 0.024671052631578948
0 0.13857677902621723 0.12335526315789473 0.019975031210986267 0.013157894736842105
0 0.2397003745318352 0.18832236842105263 0.019975031210986267 0.018092105263157895
0 0.3970037453183521 0.2944078947368421 0.009987515605493134 0.013157894736842105
0 0.4731585518102372 0.4786184210526315 0.017478152309612985 0.019736842105263157
0 0.0867665418227216 0.48355263157894735 0.016229712858926344 0.023026315789473683
0 0.07428214731585518 0.4950657894736842 0.01373283395755306 0.01644736842105263
0 0.5418227215980025 0.6480263157894737 0.0149812734082397 0.01644736842105263
0 0.13046192259675407 0.6274671052631579 0.01373283395755306 0.021381578947368418
0 0.06928838951310862 0.8174342105263157 0.033707865168539325 0.019736842105263157
0 0.22596754057428214 0.8429276315789473 0.019975031210986267 0.018092105263157895
0 0.7571785268414482 0.8429276315789473 0.026217228464419477 0.024671052631578948
0 0.6941323345817728 0.9054276315789473 0.017478152309612985 0.03125
0 0.6560549313358303 0.9235197368421052 0.01373283395755306 0.024671052631578948
0 0.968789013732834 1.4498355263157894 0.017478152309612985 0.024671052631578948
0 0.6023720349563046 1.015625 0.016229712858926344 0.021381578947368418
0 0.42384519350811484 1.1990131578947367 0.016229712858926344 0.02631578947368421
