0 0.1972534332084894 0.25411184210526316 0.0149812734082397 0.018092105263157895
0 0.2459425717852684 0.2787828947368421 0.017478152309612985 0.018092105263157895
0 0.08863920099875156 0.3355263157894737 0.017478152309612985 0.013157894736842105
0 0.6585518102372035 0.334703947368421 0.02372034956304619 0.014802631578947368
0 0.22034956304619227 0.375 0.02871410736579276 0.013157894736842105
0 0.06679151061173533 0.6241776315789473 0.016229712858926344 0.021381578947368418
0 0.05056179775280899 0.6496710526315789 0.016229712858926344 0.02631578947368421
0 0.48314606741573035 0.6192434210526315 0.017478152309612985 0.024671052631578948
0 0.5561797752808989 0.7886513157894737 0.016229712858926344 0.021381578947368418
0 0.2883895131086142 0.7582236842105263 0.0149812734082397 0.01644736842105263
0 0.11423220973782772 0.756578947368421 0.01373283395755306 0.02631578947368421
0 0.056179775280898875 0.9292763157894737 0.03245942571785269 0.023026315789473683
0 0.21910112359550563 0.953125 0.018726591760299626 0.021381578947368418
0 0.7734082397003745 0.8585526315789473 0.031210986267166042 0.019736842105263157
0 0.7134831460674157 1.0189144736842104 0.02122347066167291 0.03453947368421052
0 0.66541822721598 1.0328947368421053 0.0149812734082397 0.02631578947368421
0 0.6123595505617978 1.1258223684210527 0.018726591760299626 0.02796052631578947
0 0.3995006242197253 1.0411184210526314 0.0149812734082397 0.013157894736842105
0 0.250936329588015 1.247532894736842 0.0149812734082397 0.02796052631578947
