0 0.21036204744069914 0.513157894736842 0.018726591760299626 0.02631578947368421
0 0.18726591760299627 0.40625 0.019975031210986267 0.019736842105263157
0 0.062421972534332085 0.4638157894736842 0.024968789013732832 0.013157894736842105
0 0.25218476903870163 0.4292763157894737 0.02247191011235955 0.01644736842105263
0 0.6803995006242197 0.45230263157894735 0.02746566791510612 0.01644736842105263
0 0.4250936329588015 0.5682565789473684 0.016229712858926344 0.014802631578947368
0 0.04931335830212235 0.7376644736842105 0.02122347066167291 0.021381578947368418
0 0.04057428214731586 0.7623355263157894 0.016229712858926344 0.024671052631578948
0 0.49313358302122345 0.7360197368421052 0.017478152309612985 0.021381578947368418
0 0.5724094881398252 0.9021381578947368 0.01373283395755306 0.024671052631578948
0 0.2877652933832709 0.8601973684210525 0.016229712858926344 0.019736842105263157
0 0.10736579275905118 0.8585526315789473 0.012484394506866416 0.023026315789473683
0 0.04556803995006242 1.0238486842105263 0.02871410736579276 0.02796052631578947
0 0.21972534332084895 1.053453947368421 0.019975031210986267 0.024671052631578948
0 0.7253433208489388 1.104440789473684 0.019975031210986267 0.03125
0 0.6841448189762797 1.1578947368421053 0.0149812734082397 0.019736842105263157
0 0.4019975031210986 1.1430921052631577 0.012484394506866416 0.01644736842105263
0 0.6117353308364545 1.2754934210526314 0.02247191011235955 0.021381578947368418
0 0.21785268414481898 0.5049342105263157 0.026217228464419477 0.01644736842105263
