0 0.2091136079900125 0.5172697368421052 0.018726591760299626 0.021381578947368418
0 0.1223470661672909 0.24342105263157893 0.0149812734082397 0.023026315789473683
0 0.09300873907615481 0.3125 0.01373283395755306 0.019736842105263157
0 0.1772784019975031 0.53125 0.02247191011235955 0.019736842105263157
0 0.25218476903870163 0.5518092105263157 0.017478152309612985 0.018092105263157895
0 0.43008739076154806 0.678453947368421 0.01373283395755306 0.018092105263157895
0 0.21098626716604246 0.625 0.02746566791510612 0.01644736842105263
0 0.033707865168539325 0.8445723684210525 0.0299625468164794 0.024671052631578948
0 0.03433208489388265 0.8848684210526315 0.026217228464419477 0.01644736842105263
0 0.5037453183520599 0.8453947368421052 0.018726591760299626 0.019736842105263157
0 0.579900124843945 1.0098684210526314 0.01373283395755306 0.02631578947368421
0 0.2858926342072409 0.9646381578947368 0.017478152309612985 0.018092105263157895
0 0.03682896379525593 1.122532894736842 0.026217228464419477 0.03125
0 0.2184769038701623 1.166940789473684 0.024968789013732832 0.03125
0 0.9737827715355806 1.609375 0.019975031210986267 0.03453947368421052
0 0.02871410736579276 0.5896381578947368 0.017478152309612985 0.024671052631578948
