0 0.20848938826466917 0.5172697368421052 0.017478152309612985 0.024671052631578948
0 0.599250936329588 0.078125 0.012484394506866416 0.021381578947368418
0 0.11235955056179775 0.43421052631578944 0.02746566791510612 0.013157894736842105
0 0.07553058676654183 0.48355263157894735 0.016229712858926344 0.019736842105263157
0 0.15667915106117353 0.7080592105263157 0.02122347066167291 0.018092105263157895
0 0.23720349563046192 0.709703947368421 0.017478152309612985 0.018092105263157895
0 0.20474406991260924 0.7738486842105263 0.0299625468164794 0.014802631578947368
0 0.5124843945068664 0.9917763157894737 0.018726591760299626 0.019736842105263157
0 0.3121098626716604 0.9235197368421052 0.02247191011235955 0.014802631578947368
0 0.015605493133583021 0.988486842105263 0.031210986267166042 0.02631578947368421
0 0.024344569288389514 1.0271381578947367 0.031210986267166042 0.021381578947368418
0 0.284019975031211 1.1019736842105263 0.016229712858926344 0.02631578947368421
0 0.10112359550561797 1.1266447368421053 0.019975031210986267 0.023026315789473683
0 0.5942571785268415 1.1611842105263157 0.017478152309612985 0.029605263157894735
0 0.9750312109862672 1.6118421052631577 0.019975031210986267 0.03618421052631579
