0 0.4993757802746567 0.046052631578947366 0.017478152309612985 0.013157894736842105
0 0.6267166042446941 0.3001644736842105 0.024968789013732832 0.011513157894736841
0 0.09800249687890138 0.5633223684210527 0.02871410736579276 0.014802631578947368
0 0.062421972534332085 0.6077302631578947 0.0149812734082397 0.021381578947368418
0 0.15106117353308365 0.825657894736842 0.0299625468164794 0.01644736842105263
0 0.233458177278402 0.8322368421052632 0.017478152309612985 0.01644736842105263
0 0.20224719101123595 0.8873355263157894 0.02746566791510612 0.018092105263157895
0 0.09176029962546817 1.444078947368421 0.018726591760299626 0.03618421052631579
0 0.1523096129837703 1.6126644736842104 0.02247191011235955 0.03782894736842105
0 0.02184769038701623 1.147203947368421 0.02122347066167291 0.021381578947368418
0 0.31023720349563044 1.035361842105263 0.02372034956304619 0.018092105263157895
0 0.5218476903870163 1.1241776315789473 0.019975031210986267 0.021381578947368418
0 0.9762796504369539 1.6143092105263157 0.017478152309612985 0.03125
0 1.021223470661673 1.6324013157894737 0.0149812734082397 0.021381578947368418
