0 0.6254681647940075 0.05592105263157894 0.012484394506866416 0.013157894736842105
0 0.5318352059925093 0.24671052631578946 0.017478152309612985 0.01644736842105263
0 0.11485642946317104 0.3388157894736842 0.0149812734082397 0.013157894736842105
0 0.6404494382022472 0.4481907894736842 0.02746566791510612 0.014802631578947368
0 0.08239700374531836 0.6990131578947368 0.02746566791510612 0.01644736842105263
0 0.04244694132334582 0.7335526315789473 0.0149812734082397 0.023026315789473683
0 0.14856429463171036 0.941611842105263 0.0299625468164794 0.018092105263157895
0 0.23720349563046192 0.957236842105263 0.019975031210986267 0.019736842105263157
0 0.20224719101123595 1.0082236842105263 0.02746566791510612 0.01644736842105263
0 0.9775280898876405 1.6143092105263157 0.019975031210986267 0.03782894736842105
0 0.4525593008739076 1.0863486842105263 0.01373283395755306 0.014802631578947368
0 0.3071161048689139 1.165296052631579 0.024968789013732832 0.021381578947368418
