0 0.6504369538077404 0.17105263157894735 0.012484394506866416 0.013157894736842105
0 0.37265917602996257 0.2557565789473684 0.02122347066167291 0.014802631578947368
0 0.20411985018726592 0.42351973684210525 0.02372034956304619 0.014802631578947368
0 0.09300873907615481 0.46875 0.02122347066167291 0.013157894736842105
0 0.11111111111111112 0.506578947368421 0.02247191011235955 0.013157894736842105
0 0.5461922596754057 0.3856907894736842 0.02122347066167291 0.014802631578947368
0 0.649812734082397 0.5657894736842105 0.026217228464419477 0.013157894736842105
0 0.06741573033707865 0.803453947368421 0.0299625468164794 0.018092105263157895
0 0.026217228464419477 0.8388157894736842 0.019975031210986267 0.023026315789473683
0 0.2209737827715356 0.825657894736842 0.017478152309612985 0.019736842105263157
0 0.1466916354556804 1.0394736842105263 0.031210986267166042 0.01644736842105263
0 0.2365792759051186 1.057565789473684 0.02372034956304619 0.019736842105263157
0 0.9775280898876405 1.6151315789473684 0.019975031210986267 0.03289473684210526
0 0.466916354556804 1.1973684210526314 0.0149812734082397 0.023026315789473683
0 0.19912609238451937 1.1085526315789473 0.02871410736579276 0.019736842105263157
