0 0.23158551810237205 0.23601973684210525 0.02122347066167291 0.024671052631578948
0 0.6510611735330837 0.2294407894736842 0.011235955056179775 0.018092105263157895
0 0.37890137328339574 0.3412828947368421 0.02372034956304619 0.014802631578947368
0 0.1891385767790262 0.4934210526315789 0.016229712858926344 0.023026315789473683
0 0.08364544319600499 0.5361842105263157 0.02247191011235955 0.013157894736842105
0 0.10736579275905118 0.5715460526315789 0.02247191011235955 0.014802631578947368
0 0.550561797752809 0.4572368421052631 0.02247191011235955 0.013157894736842105
0 0.6579275905118602 0.6282894736842105 0.02247191011235955 0.01644736842105263
0 0.06429463171036205 0.859375 0.02871410736579276 0.018092105263157895
0 0.02247191011235955 0.8930921052631579 0.017478152309612985 0.023026315789473683
0 0.9794007490636705 1.6151315789473684 0.02372034956304619 0.03618421052631579
0 0.14481897627965043 1.0995065789473684 0.02746566791510612 0.021381578947368418
0 0.23720349563046192 1.1192434210526314 0.02746566791510612 0.02796052631578947
0 0.20037453183520598 1.1685855263157894 0.031210986267166042 0.024671052631578948
