0 0.24344569288389514 0.3182565789473684 0.017478152309612985 0.024671052631578948
0 0.38264669163545567 0.39309210526315785 0.02372034956304619 0.013157894736842105
0 0.6541822721598003 0.2763157894736842 0.012484394506866416 0.013157894736842105
0 0.18601747815230962 0.5427631578947368 0.0149812734082397 0.02631578947368421
0 0.07740324594257178 0.5814144736842105 0.02247191011235955 0.014802631578947368
0 0.10299625468164794 0.6175986842105263 0.02372034956304619 0.014802631578947368
0 0.5586766541822722 0.5057565789473684 0.02122347066167291 0.011513157894736841
0 0.6647940074906367 0.671875 0.02372034956304619 0.014802631578947368
0 0.05930087390761548 0.903782894736842 0.02871410736579276 0.018092105263157895
0 0.018726591760299626 0.9383223684210525 0.017478152309612985 0.021381578947368418
0 0.14544319600499375 1.1422697368421053 0.02871410736579276 0.018092105263157895
0 0.23595505617977527 1.162828947368421 0.024968789013732832 0.029605263157894735
0 0.9794007490636705 1.6167763157894737 0.02122347066167291 0.029605263157894735
0 1.0199750312109863 1.631578947368421 0.017478152309612985 0.023026315789473683
0 0.2034956304619226 1.220394736842105 0.0299625468164794 0.029605263157894735
