0 0.6523096129837703 0.30180921052631576 0.01373283395755306 0.014802631578947368
0 0.24406991260923847 0.350328947368421 0.016229712858926344 0.02631578947368421
0 0.3838951310861423 0.42105263157894735 0.02372034956304619 0.013157894736842105
0 0.5630461922596754 0.5353618421052632 0.019975031210986267 0.014802631578947368
0 0.18414481897627966 0.5707236842105263 0.01373283395755306 0.02631578947368421
0 0.07365792759051186 0.6110197368421052 0.02247191011235955 0.014802631578947368
0 0.10237203495630462 0.6463815789473684 0.02247191011235955 0.01644736842105263
0 0.6710362047440699 0.6981907894736842 0.02122347066167291 0.018092105263157895
0 0.060549313358302125 0.9292763157894737 0.02871410736579276 0.01644736842105263
0 0.018726591760299626 0.9638157894736842 0.017478152309612985 0.023026315789473683
0 0.9781523096129838 1.615953947368421 0.018726591760299626 0.03125
0 0.14294631710362046 1.1685855263157894 0.026217228464419477 0.018092105263157895
0 0.23720349563046192 1.1949013157894737 0.03245942571785269 0.02796052631578947
