0 0.3995006242197253 0.234375 0.0299625468164794 0.021381578947368418
0 0.3545568039950062 0.05592105263157894 0.02247191011235955 0.042763157894736836
0 0.4762796504369538 0.14638157894736842 0.02122347066167291 0.029605263157894735
0 0.3139825218476904 0.959703947368421 0.02122347066167291 0.024671052631578948
0 0.31897627965043696 0.9292763157894737 0.018726591760299626 0.023026315789473683
0 0.3433208489388265 0.6241776315789473 0.024968789013732832 0.024671052631578948
0 0.13857677902621723 0.5929276315789473 0.0299625468164794 0.024671052631578948
0 0.4837702871410737 0.7113486842105263 0.02871410736579276 0.02796052631578947
0 0.3114856429463171 0.7927631578947368 0.033707865168539325 0.02631578947368421
0 0.6123595505617978 0.41776315789473684 0.01373283395755306 0.019736842105263157
0 0.5068664169787765 0.4473684210526315 0.02247191011235955 0.023026315789473683
