0 0.35580524344569286 0.2532894736842105 0.02247191011235955 0.039473684210526314
0 0.17290886392009988 0.1225328947368421 0.02122347066167291 0.024671052631578948
0 0.39325842696629215 0.4695723684210526 0.017478152309612985 0.024671052631578948
0 0.4631710362047441 0.4152960526315789 0.019975031210986267 0.03125
0 0.3920099875156055 0.4095394736842105 0.0299625468164794 0.023026315789473683
0 0.3601747815230961 0.37088815789473684 0.02122347066167291 0.021381578947368418
0 0.5886392009987516 0.40625 0.018726591760299626 0.03289473684210526
0 0.4756554307116105 0.32648026315789475 0.019975031210986267 0.02796052631578947
0 0.29463171036204744 0.9588815789473684 0.02746566791510612 0.03289473684210526
0 0.47191011235955055 0.8519736842105262 0.024968789013732832 0.029605263157894735
0 0.12109862671660425 0.7467105263157894 0.0299625468164794 0.029605263157894735
0 0.33021223470661676 0.7845394736842105 0.02372034956304619 0.023026315789473683
0 0.3039950062421973 0.8552631578947368 0.018726591760299626 0.019736842105263157
0 0.2877652933832709 0.856907894736842 0.018726591760299626 0.02631578947368421
0 0.27715355805243447 0.3388157894736842 0.019975031210986267 0.023026315789473683
0 0.4307116104868914 0.08963815789473684 0.03495630461922597 0.024671052631578948
