0 0.2902621722846442 0.4276315789473684 0.02122347066167291 0.02631578947368421
0 0.2965043695380774 0.3569078947368421 0.016229712858926344 0.023026315789473683
0 0.24282147315855182 0.030427631578947366 0.031210986267166042 0.018092105263157895
0 0.13670411985018727 0.10032894736842105 0.018726591760299626 0.023026315789473683
0 0.10112359550561797 0.1875 0.017478152309612985 0.03618421052631579
0 0.29712858926342073 0.2763157894736842 0.017478152309612985 0.02631578947368421
0 0.2184769038701623 0.30838815789473684 0.019975031210986267 0.024671052631578948
0 0.32397003745318353 0.2080592105263158 0.016229712858926344 0.024671052631578948
0 0.43757802746566793 0.2425986842105263 0.016229712858926344 0.021381578947368418
0 0.33208489388264667 0.5797697368421052 0.024968789013732832 0.03453947368421052
0 0.13295880149812733 0.4449013157894737 0.02372034956304619 0.03125
0 0.36704119850187267 0.7302631578947368 0.0299625468164794 0.02631578947368421
0 0.6598002496878902 0.6809210526315789 0.018726591760299626 0.029605263157894735
0 0.5068664169787765 0.6266447368421052 0.019975031210986267 0.029605263157894735
0 0.5873907615480649 0.15625 0.016229712858926344 0.023026315789473683
0 0.4731585518102372 0.9013157894736842 0.024968789013732832 0.029605263157894735
