0 0.30024968789013734 0.9473684210526315 0.031210986267166042 0.039473684210526314
0 0.18601747815230962 0.6726973684210525 0.02247191011235955 0.023026315789473683
0 0.09987515605493133 0.4884868421052631 0.0149812734082397 0.03289473684210526
0 0.2153558052434457 0.4350328947368421 0.02372034956304619 0.024671052631578948
0 0.08739076154806492 0.31661184210526316 0.024968789013732832 0.024671052631578948
0 0.6741573033707865 0.2738486842105263 0.0149812734082397 0.02796052631578947
0 0.0986267166042447 0.2557565789473684 0.017478152309612985 0.024671052631578948
0 0.4769038701622971 0.9703947368421052 0.0299625468164794 0.03289473684210526
0 0.6248439450686641 0.3626644736842105 0.018726591760299626 0.021381578947368418
0 0.27902621722846443 0.3881578947368421 0.018726591760299626 0.023026315789473683
0 0.7328339575530587 0.662828947368421 0.012484394506866416 0.019736842105263157
0 0.29775280898876405 0.59375 0.016229712858926344 0.023026315789473683
0 0.4394506866416979 0.8042763157894737 0.012484394506866416 0.019736842105263157
0 0.26591760299625467 0.6504934210526315 0.019975031210986267 0.03125
