0 0.27788978494623656 0.555331541218638 0.02956989247311828 0.030913978494623656
0 0.5913978494623656 0.5618279569892473 0.02352150537634409 0.02060931899641577
0 0.06754032258064517 0.21706989247311828 0.017473118279569894 0.030017921146953404
0 0.3445900537634409 0.2414874551971326 0.025873655913978496 0.01881720430107527
0 0.6228158602150539 0.246415770609319 0.017809139784946238 0.03494623655913978
0 0.5510752688172044 0.06384408602150538 0.0228494623655914 0.021057347670250897
0 0.5320900537634409 0.9345878136200717 0.018481182795698926 0.026881720430107527
0 0.5492271505376345 0.7710573476702509 0.019153225806451613 0.025985663082437275
0 0.4361559139784947 0.8075716845878136 0.014112903225806453 0.0228494623655914
0 0.5030241935483871 0.3664874551971326 0.02620967741935484 0.026881720430107527
0 0.9376680107526882 1.1612903225806452 0.021841397849462367 0.03494623655913978
0 0.1827956989247312 0.46729390681003585 0.020161290322580648 0.03046594982078853
