0 0.1713709677419355 0.19310035842293907 0.020833333333333336 0.02867383512544803
0 0.53125 0.24551971326164876 0.0228494623655914 0.03136200716845878
0 0.6184475806451614 0.19690860215053763 0.01713709677419355 0.021953405017921146
0 0.4845430107526882 0.45721326164874554 0.016129032258064516 0.021953405017921146
0 0.3588709677419355 0.5237455197132617 0.014112903225806453 0.022401433691756272
0 0.4642137096774194 0.7883064516129032 0.021841397849462367 0.030017921146953404
0 0.34005376344086025 0.5878136200716846 0.01478494623655914 0.021505376344086023
0 0.07224462365591398 0.8864247311827957 0.02217741935483871 0.021057347670250897
0 0.420866935483871 0.3402777777777778 0.012432795698924732 0.01568100358422939
0 0.6661626344086022 0.9428763440860215 0.020497311827956992 0.020161290322580645
0 0.669858870967742 0.8062275985663082 0.01310483870967742 0.019265232974910396
