0 0.6174395161290324 0.7168458781362007 0.01713709677419355 0.026881720430107527
0 0.5141129032258065 0.7815860215053764 0.024865591397849465 0.030017921146953404
0 0.45010080645161293 0.9706541218637993 0.016465053763440863 0.021057347670250897
0 0.13138440860215056 0.703405017921147 0.0228494623655914 0.02867383512544803
0 0.171875 0.5360663082437276 0.016465053763440863 0.023745519713261647
0 0.4097782258064516 0.5181451612903226 0.015120967741935484 0.0228494623655914
0 0.06989247311827958 0.3736559139784946 0.014112903225806453 0.026881720430107527
0 0.41196236559139787 0.45945340501792115 0.016801075268817207 0.023745519713261647
0 0.08602150537634409 0.9451164874551972 0.013440860215053765 0.01747311827956989
0 0.5791330645161291 0.5450268817204301 0.016465053763440863 0.01747311827956989
0 0.45900537634408606 0.45631720430107525 0.019489247311827957 0.020161290322580645
0 0.07241263440860216 0.7170698924731183 0.018481182795698926 0.023745519713261647
0 0.49008736559139787 0.0931899641577061 0.017809139784946238 0.02060931899641577
0 0.10819892473118281 0.6769713261648745 0.01478494623655914 0.01971326164874552
