0 0.140625 0.19377240143369176 0.015120967741935484 0.030017921146953404
0 0.0625 0.2314068100358423 0.01545698924731183 0.0228494623655914
0 0.39818548387096775 0.7076612903225806 0.009408602150537635 0.018369175627240143
0 0.27856182795698925 0.7795698924731183 0.018145161290322582 0.017921146953405017
0 0.3377016129032258 0.8615591397849462 0.020833333333333336 0.03942652329749104
0 0.6644825268817205 0.9054659498207885 0.017809139784946238 0.02867383512544803
0 0.0974462365591398 1.0945340501792116 0.02620967741935484 0.02867383512544803
0 0.23135080645161293 1.2296146953405018 0.016465053763440863 0.019265232974910396
0 0.05628360215053764 0.41196236559139787 0.015793010752688172 0.0228494623655914
0 0.7710013440860216 0.5127688172043011 0.022513440860215055 0.021953405017921146
0 0.5235215053763441 0.23476702508960573 0.017473118279569894 0.01881720430107527
