0 0.08568548387096775 0.4444444444444444 0.0228494623655914 0.02956989247311828
0 0.12247983870967744 0.33602150537634407 0.020497311827956992 0.025985663082437275
0 0.5035282258064516 0.47647849462365593 0.012432795698924732 0.020161290322580645
0 0.6130712365591399 0.4249551971326165 0.015793010752688172 0.029121863799283155
0 0.45883736559139787 0.6254480286738351 0.020497311827956992 0.01881720430107527
0 0.3845766129032258 0.1935483870967742 0.016465053763440863 0.027777777777777776
0 0.4465725806451613 0.14628136200716846 0.019489247311827957 0.021953405017921146
0 0.2051411290322581 0.10192652329749104 0.014448924731182797 0.03539426523297491
0 0.5241935483870969 0.8512544802867383 0.014112903225806453 0.023297491039426525
0 0.5638440860215054 0.8369175627240143 0.018145161290322582 0.023297491039426525
0 0.529233870967742 1.0681003584229392 0.020161290322580648 0.034050179211469536
0 0.10383064516129033 0.7755376344086021 0.016129032258064516 0.023297491039426525
0 0.6905241935483871 1.0271057347670252 0.01881720430107527 0.023745519713261647
0 0.35668682795698925 0.39381720430107525 0.01377688172043011 0.016129032258064516
