0 0.399361559139785 0.5172491039426523 0.02116935483870968 0.020161290322580645
0 0.20480510752688175 0.20945340501792115 0.019825268817204304 0.018369175627240143
0 0.5745967741935485 0.6913082437275986 0.020833333333333336 0.025089605734767026
0 0.5226814516129032 0.7786738351254481 0.014448924731182797 0.02060931899641577
0 0.6456653225806452 0.7190860215053764 0.015793010752688172 0.03046594982078853
0 0.19102822580645162 0.4146505376344086 0.016465053763440863 0.029121863799283155
0 0.47933467741935487 0.9657258064516129 0.02452956989247312 0.021953405017921146
0 0.5294018817204301 1.1453853046594982 0.015120967741935484 0.028225806451612902
0 0.04905913978494624 0.7215501792114696 0.0228494623655914 0.025537634408602152
0 0.1028225806451613 0.6059587813620072 0.021505376344086023 0.029121863799283155
0 0.07745295698924731 0.13911290322580644 0.021841397849462367 0.018369175627240143
0 0.27637768817204306 0.38687275985663083 0.019153225806451613 0.019265232974910396
0 0.23756720430107528 0.40098566308243727 0.01478494623655914 0.017921146953405017
0 0.2385752688172043 0.3640232974910394 0.014112903225806453 0.021057347670250897
0 0.5512432795698925 0.3548387096774194 0.01713709677419355 0.027777777777777776
0 0.12836021505376344 0.37544802867383514 0.016801075268817207 0.02060931899641577
0 0.10551075268817205 0.25560035842293904 0.016129032258064516 0.021057347670250897
