0 0.6705309139784946 0.6814516129032258 0.023857526881720433 0.025089605734767026
0 0.5860215053763441 0.775089605734767 0.019489247311827957 0.023297491039426525
0 0.6315524193548387 0.8277329749103942 0.01377688172043011 0.019265232974910396
0 0.3991935483870968 0.9357078853046595 0.019489247311827957 0.0246415770609319
0 0.5828293010752689 1.0636200716845878 0.023185483870967742 0.033154121863799284
0 0.15356182795698925 0.8138440860215054 0.017473118279569894 0.029121863799283155
0 0.07073252688172044 0.9881272401433692 0.02116935483870968 0.030913978494623656
0 0.0997983870967742 0.5053763440860215 0.01478494623655914 0.023297491039426525
0 0.07594086021505377 0.6480734767025089 0.020833333333333336 0.021057347670250897
0 0.0727486559139785 0.2977150537634409 0.011760752688172045 0.021057347670250897
0 0.09290994623655914 0.2638888888888889 0.015120967741935484 0.01971326164874552
0 0.09694220430107528 0.12634408602150538 0.012432795698924732 0.015232974910394265
0 0.5314180107526882 1.1935483870967742 0.01713709677419355 0.027777777777777776
0 0.40860215053763443 1.0096326164874552 0.016801075268817207 0.019265232974910396
0 0.23958333333333334 1.00828853046595 0.01545698924731183 0.021057347670250897
