0 0.4185147849462366 0.02217741935483871 0.019153225806451613 0.036290322580645164
0 0.17254704301075272 0.8062275985663082 0.02116935483870968 0.029121863799283155
0 0.059475806451612906 0.8272849462365591 0.020833333333333336 0.027329749103942653
0 0.08585349462365592 0.6859318996415771 0.015120967741935484 0.021505376344086023
0 0.13860887096774194 1.0056003584229392 0.019153225806451613 0.030913978494623656
0 0.3949932795698925 1.1534498207885304 0.01713709677419355 0.04256272401433692
0 0.5882056451612904 0.9578853046594982 0.023185483870967742 0.021505376344086023
0 0.5288978494623656 0.34767025089605735 0.013440860215053765 0.017921146953405017
0 0.4917674731182796 0.20900537634408603 0.018481182795698926 0.021057347670250897
0 0.462869623655914 0.06137992831541219 0.01713709677419355 0.017921146953405017
0 0.07342069892473119 0.4735663082437276 0.019825268817204304 0.02060931899641577
0 0.06922043010752689 0.4536290322580645 0.016801075268817207 0.0228494623655914
0 0.05426747311827958 0.4392921146953405 0.010416666666666668 0.016577060931899642
0 0.08618951612903226 0.3109318996415771 0.016465053763440863 0.017025089605734768
0 0.2283266129032258 1.2293906810035842 0.016465053763440863 0.033154121863799284
