0 0.4022570076447033 0.43976683937823835 0.007280669821623589 0.01295336787564767
0 0.4182744812522752 0.4776554404145078 0.007280669821623589 0.016191709844559588
0 0.3662176920276665 0.47538860103626945 0.008736803785948308 0.018134715025906738
0 0.35074626865671643 0.4572538860103627 0.006188569348380051 0.01295336787564767
0 0.4202766654532217 0.5728626943005182 0.008372770294867127 0.017487046632124352
0 0.4008008736803786 0.5683290155440415 0.007280669821623589 0.01489637305699482
0 0.4324717874044412 0.5757772020725389 0.007280669821623589 0.015544041450777202
0 0.3938842373498362 0.663860103626943 0.008008736803785948 0.015544041450777202
0 0.42446305060065526 0.6839378238341969 0.010192937750273025 0.01683937823834197
0 0.41918456497997814 0.7053108808290156 0.009100837277029487 0.011658031088082901
0 0.4069894430287586 0.6907383419689119 0.007280669821623589 0.01489637305699482
0 0.41354204586821985 0.6904145077720207 0.00655260283946123 0.015544041450777202
0 0.36239534037131416 0.8170336787564767 0.00691663633054241 0.016191709844559588
0 0.368219876228613 0.8584844559585493 0.008372770294867127 0.016191709844559588
0 0.3531124863487441 0.8481217616580311 0.008008736803785948 0.01489637305699482
0 0.354022570076447 0.8338730569948187 0.00691663633054241 0.012305699481865285
0 0.3476519839825264 0.8212435233160622 0.00655260283946123 0.010362694300518135
0 0.44193665817255184 0.9514248704663213 0.008008736803785948 0.01683937823834197
0 0.3647615580633418 0.9569300518134716 0.007280669821623589 0.012305699481865285
0 0.37986894794321074 0.9902849740932643 0.007644703312704768 0.01683937823834197
0 0.3614852566436112 0.9941709844559586 0.007280669821623589 0.014248704663212436
0 0.1736439752457226 0.4005829015544042 0.007280669821623589 0.011010362694300519
0 0.16381507098653075 0.40317357512953367 0.007280669821623589 0.011010362694300519
0 0.16363305424099017 0.41321243523316065 0.007644703312704768 0.010362694300518135
0 0.350928285402257 0.6719559585492229 0.00655260283946123 0.013601036269430052
0 0.33782307972333453 0.6881476683937824 0.007280669821623589 0.01489637305699482
0 0.33891518019657807 0.6577072538860104 0.008008736803785948 0.013601036269430052
0 0.33545686203130687 0.6680699481865285 0.010556971241354204 0.011010362694300519
0 0.34637786676374227 0.6849093264248705 0.00691663633054241 0.01489637305699482
0 0.3476519839825264 0.5754533678756477 0.009464870768110666 0.012305699481865285
0 0.33764106297779395 0.5877590673575129 0.009828904259191844 0.011010362694300519
0 0.33709501274117215 0.5628238341968912 0.009464870768110666 0.014248704663212436
0 0.4173643975245722 0.830958549222798 0.007644703312704768 0.015544041450777202
