0 0.42409901710957404 0.4744170984455959 0.008736803785948308 0.017487046632124352
0 0.40808154350200215 0.4371761658031088 0.007280669821623589 0.014248704663212436
0 0.37149617764834364 0.4731217616580311 0.009100837277029487 0.01878238341968912
0 0.3562067710229341 0.45531088082901555 0.00691663633054241 0.01295336787564767
0 0.42610120131052054 0.5702720207253886 0.008372770294867127 0.016191709844559588
0 0.4069894430287586 0.5657383419689119 0.007280669821623589 0.01489637305699482
0 0.3527484528576629 0.572538860103627 0.008736803785948308 0.011658031088082901
0 0.3436476155806334 0.5858160621761658 0.010192937750273025 0.011010362694300519
0 0.4000728066982162 0.6612694300518135 0.008008736803785948 0.015544041450777202
0 0.4255551510738988 0.7027202072538861 0.008736803785948308 0.01295336787564767
0 0.35638878776847466 0.6693652849740933 0.00655260283946123 0.013601036269430052
0 0.35220240262104113 0.6836139896373057 0.007644703312704768 0.01489637305699482
0 0.3436476155806334 0.6865284974093264 0.008008736803785948 0.014248704663212436
0 0.34055333090644335 0.6658031088082902 0.007644703312704768 0.011658031088082901
0 0.3685839097196942 0.8147668393782384 0.007644703312704768 0.015544041450777202
0 0.3745904623225337 0.8558937823834197 0.008736803785948308 0.017487046632124352
0 0.3594830724426647 0.8471502590673575 0.008372770294867127 0.01295336787564767
0 0.42446305060065526 0.8290155440414508 0.00655260283946123 0.014248704663212436
0 0.4213687659264652 0.8147668393782384 0.0054605023662176915 0.01295336787564767
0 0.44885329450309425 0.9498056994818653 0.008008736803785948 0.017487046632124352
0 0.37131416090280306 0.9556347150259068 0.008736803785948308 0.012305699481865285
0 0.3937022206042956 0.9818652849740933 0.009828904259191844 0.014248704663212436
0 0.3869676010192938 0.9889896373056996 0.007280669821623589 0.018134715025906738
0 0.3755005460502366 0.9967616580310881 0.007644703312704768 0.014248704663212436
0 0.369129959956316 0.9922279792746115 0.00655260283946123 0.014248704663212436
