0 0.34328358208955223 0.18296632124352333 0.007280669821623589 0.01878238341968912
0 0.2890425919184565 0.18167098445595856 0.008736803785948308 0.021373056994818652
0 0.32672005824535855 0.14216321243523317 0.00691663633054241 0.016191709844559588
0 0.2726610848198034 0.16224093264248704 0.00655260283946123 0.013601036269430052
0 0.3574808882417182 0.28756476683937826 0.008008736803785948 0.018134715025906738
0 0.3449217327994175 0.28367875647668395 0.009100837277029487 0.018134715025906738
0 0.3165271204950855 0.3798575129533679 0.007644703312704768 0.016191709844559588
0 0.34801601747360755 0.3996113989637306 0.010192937750273025 0.015544041450777202
0 0.34237349836184927 0.4219559585492228 0.009100837277029487 0.012305699481865285
0 0.32999635966508917 0.4073834196891192 0.007644703312704768 0.015544041450777202
0 0.336730979250091 0.4073834196891192 0.005824535857298871 0.015544041450777202
0 0.27193301783764107 0.38924870466321243 0.00655260283946123 0.015544041450777202
0 0.258645795413178 0.4051165803108808 0.008372770294867127 0.01489637305699482
0 0.2599199126319621 0.3743523316062176 0.008008736803785948 0.014248704663212436
0 0.2559155442300692 0.3843911917098446 0.009464870768110666 0.012305699481865285
0 0.25900982890425917 0.3014896373056995 0.010556971241354204 0.013601036269430052
0 0.268838733163451 0.28756476683937826 0.009100837277029487 0.014248704663212436
0 0.2890425919184565 0.5780440414507773 0.008736803785948308 0.016191709844559588
0 0.2828540225700764 0.5362694300518135 0.008008736803785948 0.01683937823834197
0 0.2732071350564252 0.5689766839378239 0.007644703312704768 0.013601036269430052
0 0.29978157990535126 0.7088730569948187 0.008372770294867127 0.017487046632124352
0 0.30724426647251546 0.7017487046632125 0.010192937750273025 0.013601036269430052
0 0.3629413906079359 0.6690414507772021 0.008008736803785948 0.018134715025906738
0 0.2841281397888606 0.6761658031088084 0.007644703312704768 0.01295336787564767
0 0.2813978886057517 0.7130829015544041 0.007280669821623589 0.015544041450777202
0 0.28795049144521295 0.7172927461139896 0.008008736803785948 0.013601036269430052
0 0.33927921368765923 0.5498704663212436 0.007280669821623589 0.015544041450777202
0 0.336730979250091 0.5359455958549223 0.005096468875136513 0.012305699481865285
0 0.3416454313796869 0.5323834196891192 0.006188569348380051 0.014248704663212436
0 0.33946123043319987 0.6968911917098446 0.008372770294867127 0.011658031088082901
0 0.0728066982162359 0.11496113989637306 0.008008736803785948 0.013601036269430052
0 0.09009828904259191 0.0822538860103627 0.006188569348380051 0.010362694300518135
