0 0.37422642883145246 0.40220207253886014 0.009464870768110666 0.014248704663212436
0 0.3898798689479432 0.43523316062176165 0.008736803785948308 0.018134715025906738
0 0.4022570076447033 0.40252590673575134 0.011649071714597743 0.017487046632124352
0 0.4035311248634874 0.3837435233160622 0.011285038223516564 0.016191709844559588
0 0.4275573352748453 0.3280440414507772 0.008372770294867127 0.016191709844559588
0 0.4331998543866035 0.3053756476683938 0.009464870768110666 0.01489637305699482
0 0.4304696032034947 0.27266839378238344 0.011285038223516564 0.018134715025906738
0 0.3316345103749545 0.31897668393782386 0.009464870768110666 0.021373056994818652
0 0.3036039315617037 0.2976036269430052 0.010921004732435383 0.017487046632124352
0 0.3103385511467055 0.31865284974093266 0.010556971241354204 0.014248704663212436
0 0.03676738259919912 0.9692357512953368 0.007280669821623589 0.012305699481865285
0 0.26665453221696395 0.5981217616580311 0.010556971241354204 0.02266839378238342
0 0.2673825991991263 0.6321243523316062 0.011285038223516564 0.02072538860103627
0 0.2511831088460138 0.6159326424870466 0.010921004732435383 0.015544041450777202
0 0.2568256279577721 0.5981217616580311 0.010556971241354204 0.021373056994818652
0 0.3491081179468511 0.6819948186528497 0.012377138696760102 0.02072538860103627
0 0.2852202402621041 0.08063471502590674 0.011285038223516564 0.02266839378238342
0 0.2926829268292683 0.1052461139896373 0.010921004732435383 0.01878238341968912
0 0.2524572260647979 0.11528497409326426 0.009828904259191844 0.018134715025906738
0 0.22078631234073534 0.1952720207253886 0.009828904259191844 0.016191709844559588
0 0.20604295595194758 0.21988341968911918 0.009464870768110666 0.01878238341968912
0 0.16599927193301783 0.14766839378238342 0.011649071714597743 0.02461139896373057
0 0.16618128867855841 0.11949481865284975 0.009828904259191844 0.020077720207253888
0 0.36585365853658536 0.20142487046632124 0.011649071714597743 0.02072538860103627
0 0.3532945030942847 0.2156735751295337 0.008372770294867127 0.019430051813471502
0 0.3449217327994175 0.20887305699481867 0.008372770294867127 0.013601036269430052
