0 0.4724462365591398 0.316084229390681 0.01545698924731183 0.018369175627240143
0 0.44892473118279574 0.28091397849462363 0.016129032258064516 0.023297491039426525
0 0.6374327956989247 0.35595878136200715 0.014112903225806453 0.025537634408602152
0 0.33450940860215056 0.18548387096774194 0.010416666666666668 0.017921146953405017
0 0.2691532258064516 0.026657706093189962 0.014112903225806453 0.021057347670250897
0 0.1207997311827957 0.04973118279569892 0.01377688172043011 0.02956989247311828
0 0.5383064516129032 0.10058243727598566 0.012768817204301076 0.025537634408602152
0 0.24042338709677422 0.9086021505376344 0.015793010752688172 0.016129032258064516
0 0.40725806451612906 0.32549283154121866 0.010752688172043012 0.012992831541218637
0 0.09341397849462367 0.45161290322580644 0.017473118279569894 0.01971326164874552
