0 0.5342741935483871 0.644489247311828 0.021505376344086023 0.021057347670250897
0 0.49042338709677424 0.5347222222222222 0.017809139784946238 0.020161290322580645
0 0.621975806451613 0.7755376344086021 0.0228494623655914 0.03494623655913978
0 0.49529569892473124 1.0580197132616487 0.016801075268817207 0.027329749103942653
0 0.3835685483870968 1.0163530465949822 0.023857526881720433 0.05600358422939068
0 0.19035618279569894 0.662858422939068 0.017809139784946238 0.0228494623655914
0 0.5892137096774194 0.10663082437275985 0.019153225806451613 0.021505376344086023
0 0.46555779569892475 0.21012544802867383 0.012432795698924732 0.024193548387096774
0 0.5598118279569892 0.3125 0.020161290322580648 0.016577060931899642
0 0.09156586021505377 0.21931003584229392 0.015120967741935484 0.0228494623655914
