0 0.3552966872952312 0.16742227979274613 0.021842009464870766 0.034326424870466325
0 0.2517291590826356 0.2545336787564767 0.023662176920276664 0.05310880829015544
0 0.4069894430287586 0.31411917098445596 0.01892974153622133 0.04922279792746114
0 0.4324717874044412 0.5657383419689119 0.025482344375682562 0.040803108808290155
0 0.3119767018565708 0.7969559585492229 0.024026210411357843 0.044689119170984455
0 0.34473971605387693 0.8617227979274612 0.023298143429195485 0.042098445595854926
0 0.37149617764834364 0.8659326424870467 0.02002184200946487 0.04533678756476684
0 0.38114306516199487 0.15705958549222798 0.024754277393520204 0.040803108808290155
0 0.37677466326902076 0.19786269430051814 0.021113942482708408 0.04727979274611399
0 0.3971605387695668 0.1839378238341969 0.023298143429195485 0.038860103626943004
0 0.2730251183108846 0.18490932642487048 0.021113942482708408 0.044689119170984455
0 0.2621041135784492 0.22215025906735753 0.02038587550054605 0.03756476683937824
0 0.20749908991627228 0.21437823834196892 0.01965780851838369 0.03756476683937824
0 0.3350928285402257 0.5145725388601037 0.02002184200946487 0.044689119170984455
0 0.3489261012013105 0.555699481865285 0.018565708045140152 0.02849740932642487
0 0.1614488532945031 0.47959844559585496 0.02584637786676374 0.04339378238341969
0 0.14779759737895887 0.7768782383419689 0.022570076447033127 0.044689119170984455
0 0.16891153986166726 0.7616580310880829 0.022570076447033127 0.042746113989637305
0 0.1985802693847834 0.8150906735751295 0.01929377502730251 0.04339378238341969
0 0.16709137240626137 0.8439119170984456 0.022570076447033127 0.03756476683937824
0 0.1718238077903167 0.9090025906735751 0.022570076447033127 0.04727979274611399
0 0.31962140516927556 1.2797927461139897 0.024754277393520204 0.040155440414507776
0 0.3795049144521296 1.2959844559585492 0.028030578813250818 0.050518134715025906
0 0.21204950855478702 1.2140544041450778 0.02002184200946487 0.044689119170984455
0 0.19748816891153986 1.2697538860103628 0.023662176920276664 0.048575129533678756
0 0.18529304696032034 1.3228626943005182 0.023298143429195485 0.034326424870466325
0 0.20677102293410993 1.3805051813471503 0.01965780851838369 0.05116580310880829
0 0.18838733163451038 1.2257124352331608 0.018565708045140152 0.03562176165803109
0 0.35420458682198763 1.2040155440414508 0.021842009464870766 0.02979274611398964
0 0.3778667637422643 1.2215025906735753 0.02038587550054605 0.038860103626943004
0 0.3636694575900983 0.9413860103626943 0.01965780851838369 0.04598445595854923
0 0.2093192573716782 1.5803108808290156 0.021113942482708408 0.03756476683937824
0 0.37986894794321074 1.5929404145077721 0.01929377502730251 0.042098445595854926
0 0.3815070986530761 1.6583549222797929 0.017473607571896616 0.04598445595854923
0 0.26501638150709866 1.6454015544041452 0.025482344375682562 0.04339378238341969
0 0.22042227884965415 1.704339378238342 0.01929377502730251 0.04598445595854923
