0 0.28461021505376344 0.6010304659498208 0.01478494623655914 0.023745519713261647
0 0.5346102150537635 0.6185035842293907 0.016129032258064516 0.021057347670250897
0 0.7316868279569894 1.0042562724014337 0.016465053763440863 0.03539426523297491
0 0.6335685483870969 0.9280913978494624 0.017809139784946238 0.027329749103942653
0 0.35517473118279574 1.0459229390681004 0.020161290322580648 0.021057347670250897
0 0.2852822580645161 0.48566308243727596 0.016129032258064516 0.022401433691756272
0 0.7605846774193549 0.492831541218638 0.01377688172043011 0.021505376344086023
0 0.665994623655914 0.2793458781362007 0.01478494623655914 0.016577060931899642
0 0.16381048387096775 0.8653673835125448 0.01377688172043011 0.027329749103942653
0 0.0799731182795699 1.1200716845878136 0.016129032258064516 0.023297491039426525
0 0.25235215053763443 0.6733870967741935 0.01478494623655914 0.015232974910394265
