0 0.22866263440860216 0.44086021505376344 0.02452956989247312 0.017921146953405017
0 0.2703293010752688 0.5156810035842294 0.019153225806451613 0.017921146953405017
0 0.150369623655914 0.4121863799283154 0.014448924731182797 0.014336917562724014
0 0.21723790322580647 0.2708333333333333 0.016465053763440863 0.019265232974910396
0 0.11592741935483872 1.010752688172043 0.0228494623655914 0.024193548387096774
0 0.0769489247311828 0.8380376344086021 0.013440860215053765 0.020161290322580645
0 0.1305443548387097 0.7632168458781362 0.011760752688172045 0.0228494623655914
0 0.24764784946236562 0.4914874551971326 0.01478494623655914 0.024193548387096774
0 0.13877688172043012 0.15098566308243727 0.008064516129032258 0.017025089605734768
0 0.47009408602150543 0.05197132616487455 0.018145161290322582 0.025089605734767026
0 0.6323924731182796 0.3033154121863799 0.0114247311827957 0.021505376344086023
