0 0.663978494623656 0.9657258064516129 0.020161290322580648 0.0264336917562724
0 0.5935819892473119 0.9778225806451613 0.019825268817204304 0.030017921146953404
0 0.6028225806451614 0.6541218637992832 0.018145161290322582 0.026881720430107527
0 0.10332661290322581 1.082437275985663 0.018481182795698926 0.021505376344086023
0 0.19606854838709678 1.135304659498208 0.019825268817204304 0.016129032258064516
0 0.17153897849462366 0.9693100358422939 0.023857526881720433 0.030017921146953404
0 0.28125 0.5622759856630825 0.020833333333333336 0.022401433691756272
0 0.5047043010752689 0.7995071684587813 0.025537634408602152 0.019265232974910396
0 0.6036626344086022 0.5069444444444444 0.01310483870967742 0.016577060931899642
0 0.2906586021505377 0.3138440860215054 0.016801075268817207 0.03808243727598566
0 0.7012768817204301 0.5047043010752689 0.020833333333333336 0.030017921146953404
