0 0.3773207135056425 0.0744818652849741 0.021477975973789587 0.03367875647668394
0 0.42664725154714234 0.21178756476683938 0.01892974153622133 0.04792746113989638
0 0.23862395340371312 0.12273316062176166 0.018565708045140152 0.036917098445595854
0 0.30105569712413544 0.09326424870466321 0.021842009464870766 0.04145077720207254
0 0.45267564615944667 0.445919689119171 0.022934109938114306 0.038212435233160626
0 0.3616672733891518 0.40220207253886014 0.017837641062977794 0.044041450777202076
0 0.37440844557699304 0.43976683937823835 0.018565708045140152 0.02590673575129534
0 0.4166363305424099 0.48575129533678757 0.02584637786676374 0.044041450777202076
0 0.19639606843829632 0.37370466321243523 0.021477975973789587 0.036269430051813475
0 0.34091736439752457 0.6683937823834197 0.02002184200946487 0.038860103626943004
0 0.3724062613760466 0.7286269430051814 0.021113942482708408 0.042746113989637305
0 0.39825263924281035 0.7312176165803109 0.01965780851838369 0.042746113989637305
0 0.39078995267564615 0.8018134715025907 0.02002184200946487 0.040155440414507776
0 0.23425555151073899 0.6881476683937824 0.017109574080815433 0.038212435233160626
0 0.20586093920640697 0.6366580310880829 0.02074990899162723 0.038860103626943004
0 0.1860211139424827 0.6515544041450777 0.01965780851838369 0.042746113989637305
0 0.20495085547870404 0.7140544041450777 0.01892974153622133 0.038212435233160626
0 0.2093192573716782 0.7749352331606217 0.02038587550054605 0.042098445595854926
0 0.4111758281761922 1.1454015544041452 0.029486712777575537 0.04598445595854923
0 0.3862395340371314 1.0547279792746114 0.021113942482708408 0.034326424870466325
0 0.42664725154714234 1.0612046632124352 0.016745540589734254 0.036917098445595854
0 0.4093556607207863 1.0715673575129534 0.02002184200946487 0.03950777202072539
0 0.3547506370586094 1.1311528497409327 0.022934109938114306 0.036917098445595854
0 0.2497269748816891 1.0696243523316062 0.02038587550054605 0.038212435233160626
0 0.23534765198398253 1.126619170984456 0.018565708045140152 0.03950777202072539
0 0.22388059701492535 1.1797279792746114 0.023298143429195485 0.036917098445595854
0 0.24681470695303967 1.2360751295336787 0.023298143429195485 0.04987046632124353
0 0.22624681470695304 1.08419689119171 0.017837641062977794 0.032383419689119175
0 0.4515835456862031 1.4226036269430051 0.022934109938114306 0.04987046632124353
0 0.41572624681470693 1.442357512953368 0.01965780851838369 0.03756476683937824
0 0.41900254823443756 1.510038860103627 0.017473607571896616 0.04339378238341969
0 0.24863487440844556 1.435880829015544 0.021113942482708408 0.038860103626943004
0 0.3021477975973789 1.5022668393782384 0.024754277393520204 0.044689119170984455
0 0.2613760465962868 1.5663860103626943 0.01892974153622133 0.04339378238341969
