0 0.44521295959228246 0.6800518134715026 0.021113942482708408 0.034974093264248704
0 0.36876592646523476 0.6968911917098446 0.01965780851838369 0.046632124352331605
0 0.19603203494721513 0.020401554404145077 0.017837641062977794 0.03562176165803109
0 0.38168911539861666 0.10816062176165804 0.018565708045140152 0.04792746113989638
0 0.40462322533673095 0.3432642487046632 0.022934109938114306 0.040155440414507776
0 0.3685839097196942 0.38115284974093266 0.02074990899162723 0.04339378238341969
0 0.3152530032763014 0.29825129533678757 0.01892974153622133 0.040803108808290155
0 0.32799417546414267 0.337759067357513 0.01892974153622133 0.03044041450777202
0 0.1896614488532945 0.31541450777202074 0.022570076447033127 0.036269430051813475
0 0.15180196578085184 0.2661917098445596 0.021842009464870766 0.038860103626943004
0 0.2932289770658901 0.5615284974093264 0.022934109938114306 0.036269430051813475
0 0.32326174008008735 0.6227331606217616 0.01965780851838369 0.040803108808290155
0 0.34856206771022935 0.6253238341968912 0.02074990899162723 0.04339378238341969
0 0.34037131416090277 0.6939766839378239 0.021113942482708408 0.042098445595854926
0 0.16181288678558425 0.6651554404145078 0.021477975973789587 0.03756476683937824
0 0.18693119767018565 0.5796632124352332 0.017109574080815433 0.038860103626943004
0 0.1576265016381507 0.6036269430051814 0.021842009464870766 0.042746113989637305
0 0.15981070258463778 0.5272020725388601 0.01965780851838369 0.042746113989637305
0 0.13960684382963232 0.5430699481865285 0.02074990899162723 0.044689119170984455
0 0.37277029486712776 0.9498056994818653 0.01892974153622133 0.033031088082901554
0 0.3329086275937386 0.9439766839378239 0.02074990899162723 0.02784974093264249
0 0.3006916636330542 1.016839378238342 0.023298143429195485 0.03756476683937824
0 0.35766290498725883 1.0343264248704664 0.028030578813250818 0.04533678756476684
0 0.19930833636694575 0.9520725388601037 0.021477975973789587 0.040155440414507776
0 0.17510010921004732 0.9643782383419689 0.016745540589734254 0.031088082901554404
0 0.1827448125227521 1.0077720207253886 0.01965780851838369 0.040155440414507776
0 0.17127775755369493 1.0602331606217616 0.024390243902439022 0.034974093264248704
0 0.19220968329086274 1.116580310880829 0.021842009464870766 0.04792746113989638
0 0.3938842373498362 1.3189766839378239 0.023298143429195485 0.04598445595854923
0 0.35857298871496174 1.3348445595854923 0.018201674554058973 0.040155440414507776
0 0.3607571896614488 1.4044689119170986 0.01965780851838369 0.04339378238341969
0 0.19202766654532216 1.3205958549222798 0.02002184200946487 0.038860103626943004
0 0.2462686567164179 1.388277202072539 0.02584637786676374 0.04987046632124353
