0 0.3219876228613032 0.8792098445595855 0.010556971241354204 0.013601036269430052
0 0.4235529668729523 0.5123056994818653 0.010556971241354204 0.015544041450777202
0 0.3400072806698216 0.7477331606217616 0.012377138696760102 0.017487046632124352
0 0.23971605387695666 0.9533678756476685 0.007644703312704768 0.015544041450777202
0 0.23079723334546778 1.001619170984456 0.007280669821623589 0.013601036269430052
0 0.2579177284310156 0.9090025906735751 0.007644703312704768 0.01489637305699482
0 0.3116126683654896 1.0239637305699483 0.011649071714597743 0.01683937823834197
0 0.20258463778667637 0.49125647668393785 0.009100837277029487 0.016191709844559588
0 0.23789588642155077 0.5573186528497409 0.009828904259191844 0.013601036269430052
0 0.254641427011285 0.6256476683937824 0.008372770294867127 0.014248704663212436
0 0.41172187841281394 0.493199481865285 0.009464870768110666 0.01489637305699482
0 0.467601019293775 0.5981217616580311 0.00691663633054241 0.01489637305699482
0 0.3929741536221332 1.0806347150259068 0.009100837277029487 0.016191709844559588
0 0.2677466326902075 0.38568652849740936 0.009828904259191844 0.01489637305699482
0 0.18893338187113215 0.4067357512953368 0.00655260283946123 0.01295336787564767
0 0.18529304696032034 0.42810880829015546 0.007280669821623589 0.01295336787564767
0 0.3745904623225337 0.5935880829015544 0.012377138696760102 0.013601036269430052
0 0.33745904623225337 0.7276554404145078 0.008008736803785948 0.016191709844559588
0 0.4483072442664725 1.265220207253886 0.010556971241354204 0.016191709844559588
0 0.3820531488896978 0.38536269430051817 0.007644703312704768 0.014248704663212436
0 0.3283582089552239 0.7937176165803109 0.010192937750273025 0.01489637305699482
0 0.31834728795049144 0.8329015544041452 0.009828904259191844 0.015544041450777202
0 0.23971605387695666 0.9326424870466321 0.009100837277029487 0.014248704663212436
