0 0.2677466326902075 0.38827720207253885 0.011285038223516564 0.016191709844559588
0 0.23680378594830723 0.5586139896373057 0.012013105205678921 0.01489637305699482
0 0.4111758281761922 0.49514248704663216 0.008372770294867127 0.012305699481865285
0 0.4237349836184929 0.5148963730569949 0.009464870768110666 0.015544041450777202
0 0.3820531488896978 0.3873056994818653 0.00691663633054241 0.01295336787564767
0 0.18911539861667273 0.4073834196891192 0.007644703312704768 0.01683937823834197
0 0.18547506370586092 0.4319948186528498 0.008372770294867127 0.011658031088082901
0 0.20222060429559519 0.49481865284974097 0.009828904259191844 0.014248704663212436
0 0.33964324717874045 0.7496761658031088 0.009464870768110666 0.01489637305699482
0 0.3380050964688751 0.7292746113989638 0.007644703312704768 0.015544041450777202
0 0.3179832544594102 0.707577720207254 0.00691663633054241 0.012305699481865285
0 0.25427739352020384 0.6272668393782384 0.008372770294867127 0.01489637305699482
0 0.2904987258827812 0.6437823834196892 0.008736803785948308 0.014248704663212436
0 0.31780123771386964 0.8335492227979275 0.007280669821623589 0.01295336787564767
0 0.32162358937022206 0.8795336787564767 0.009828904259191844 0.015544041450777202
0 0.24008008736803785 0.9549870466321244 0.00691663633054241 0.01489637305699482
0 0.23061521659992718 1.0019430051813472 0.007644703312704768 0.011658031088082901
0 0.4481252275209319 1.2645725388601037 0.010921004732435383 0.016191709844559588
0 0.4670549690571532 0.5997409326424871 0.005824535857298871 0.011658031088082901
0 0.33400072806698217 0.29987046632124353 0.008372770294867127 0.01295336787564767
0 0.3281761922096833 0.7946891191709845 0.010556971241354204 0.014248704663212436
0 0.25773571168547504 0.9112694300518135 0.007280669821623589 0.014248704663212436
