0 0.18565708045140153 0.44009067357512954 0.007280669821623589 0.012305699481865285
0 0.20240262104113577 0.5019430051813472 0.005824535857298871 0.01295336787564767
0 0.2377138696760102 0.5676813471502591 0.010921004732435383 0.013601036269430052
0 0.33764106297779395 0.7370466321243524 0.00691663633054241 0.014248704663212436
0 0.3400072806698216 0.7593911917098446 0.011649071714597743 0.017487046632124352
0 0.32162358937022206 0.8879533678756477 0.009828904259191844 0.011658031088082901
0 0.25755369493993446 0.9193652849740933 0.00691663633054241 0.012305699481865285
0 0.24008008736803785 0.9630829015544042 0.007644703312704768 0.014248704663212436
0 0.24062613760465962 0.9410621761658031 0.009464870768110666 0.01295336787564767
0 0.254641427011285 0.6353626943005182 0.008372770294867127 0.01295336787564767
0 0.291044776119403 0.6531735751295337 0.009100837277029487 0.013601036269430052
0 0.41153986166727335 0.5038860103626943 0.007644703312704768 0.011658031088082901
0 0.4237349836184929 0.5239637305699482 0.009464870768110666 0.01295336787564767
0 0.46723698580269385 0.6094559585492229 0.007644703312704768 0.011658031088082901
0 0.38187113214415724 0.3954015544041451 0.007280669821623589 0.013601036269430052
0 0.3283582089552239 0.8027849740932643 0.010192937750273025 0.016191709844559588
0 0.39224608663997085 1.0890544041450778 0.008372770294867127 0.016191709844559588
0 0.31143065161994904 1.033678756476684 0.010556971241354204 0.018134715025906738
0 0.254641427011285 0.22733160621761658 0.009100837277029487 0.015544041450777202
0 0.33545686203130687 0.30764248704663216 0.008372770294867127 0.01295336787564767
0 0.34874408445576993 0.2700777202072539 0.008008736803785948 0.011658031088082901
0 0.3736803785948307 0.6055699481865285 0.014197306152165998 0.015544041450777202
