0 0.489807062249727 0.719559585492228 0.018565708045140152 0.032383419689119175
0 0.3676738259919912 0.06411917098445596 0.012377138696760102 0.042746113989637305
0 0.3649435748088824 0.22182642487046633 0.014197306152165998 0.02396373056994819
0 0.38387331634510374 0.3403497409326425 0.017837641062977794 0.03173575129533679
0 0.3547506370586094 0.3516839378238342 0.011285038223516564 0.034974093264248704
0 0.37495449581361484 0.5676813471502591 0.018201674554058973 0.02396373056994819
0 0.35202038587550055 0.5197538860103628 0.01310520567892246 0.040803108808290155
0 0.34037131416090277 0.520077720207254 0.012377138696760102 0.023316062176165803
0 0.10083727702948671 0.18944300518134716 0.01383327266108482 0.036917098445595854
0 0.11758281761922096 0.22020725388601037 0.022570076447033127 0.02590673575129534
0 0.10374954495813614 0.23316062176165803 0.015289406625409537 0.04533678756476684
0 0.12158718602111394 0.5032383419689119 0.016017473607571896 0.02461139896373057
0 0.09519475791772843 0.4941709844559586 0.014925373134328358 0.038860103626943004
0 0.10939206406989442 0.5210492227979275 0.017837641062977794 0.02266839378238342
