0 0.36530760829996356 0.04598445595854923 0.018565708045140152 0.031088082901554404
0 0.3562067710229341 0.09715025906735751 0.012013105205678921 0.044041450777202076
0 0.3560247542773935 0.25226683937823835 0.015289406625409537 0.02266839378238342
0 0.3771386967601019 0.368199481865285 0.01892974153622133 0.03044041450777202
0 0.3483800509646887 0.3792098445595855 0.012377138696760102 0.034326424870466325
0 0.3718602111394248 0.592940414507772 0.018565708045140152 0.025259067357512953
0 0.3372770294867128 0.5479274611398964 0.012741172187841281 0.023316062176165803
0 0.3489261012013105 0.5463082901554405 0.01346923917000364 0.040803108808290155
0 0.09464870768110666 0.234779792746114 0.01383327266108482 0.03562176165803109
0 0.0884601383327266 0.2694300518134715 0.010192937750273025 0.03367875647668394
0 0.10575172915908262 0.36204663212435234 0.02074990899162723 0.02072538860103627
0 0.11958500182016744 0.5417746113989638 0.015653440116490717 0.02396373056994819
0 0.1079359301055697 0.5599093264248705 0.017109574080815433 0.02266839378238342
0 0.09319257371678194 0.5333549222797928 0.015289406625409537 0.03950777202072539
0 0.08172551874772478 0.5599093264248705 0.012013105205678921 0.036917098445595854
