0 0.2178740444120859 0.35038860103626945 0.017109574080815433 0.019430051813471502
0 0.30178376410629776 0.4119170984455959 0.012377138696760102 0.031088082901554404
0 0.2841281397888606 0.40867875647668395 0.012013105205678921 0.02849740932642487
0 0.2912267928649436 0.48639896373056996 0.018201674554058973 0.018134715025906738
0 0.32380779031670914 0.46502590673575134 0.015653440116490717 0.022020725388601038
0 0.38532945030942845 0.5297927461139896 0.014925373134328358 0.019430051813471502
0 0.22915908263560247 0.4523963730569948 0.011285038223516564 0.02655440414507772
0 0.24918092464506733 0.4423575129533679 0.012013105205678921 0.02849740932642487
0 0.24026210411357843 0.44980569948186533 0.015289406625409537 0.02655440414507772
0 0.3649435748088824 0.6107512953367876 0.015653440116490717 0.02072538860103627
0 0.32180560611576264 0.616580310880829 0.009464870768110666 0.031088082901554404
0 0.340735347651984 0.6178756476683938 0.01310520567892246 0.02849740932642487
0 0.27539133600291227 0.6262953367875648 0.012013105205678921 0.02979274611398964
0 0.22952311612668364 0.5955310880829016 0.009828904259191844 0.02784974093264249
0 0.27702948671277755 0.7117875647668394 0.018201674554058973 0.027202072538860103
0 0.2957772115034583 0.6923575129533679 0.011285038223516564 0.02849740932642487
0 0.34947215143793225 0.7393134715025907 0.018201674554058973 0.029145077720207253
0 0.28613032398980703 0.5744818652849741 0.02038587550054605 0.019430051813471502
0 0.31124863487440846 0.5569948186528497 0.010192937750273025 0.02590673575129534
0 0.20804514015289405 0.4698834196891192 0.015653440116490717 0.017487046632124352
0 0.21751001092100472 0.8908678756476685 0.009100837277029487 0.020077720207253888
0 0.17983254459410264 0.8484455958549223 0.024754277393520204 0.02590673575129534
0 0.3616672733891518 0.98639896373057 0.017109574080815433 0.023316062176165803
0 0.369129959956316 0.9504533678756477 0.02038587550054605 0.03173575129533679
0 0.18547506370586092 0.9948186528497409 0.009828904259191844 0.031088082901554404
0 0.15180196578085184 0.9115932642487047 0.023298143429195485 0.02396373056994819
0 0.27702948671277755 1.1227331606217616 0.017473607571896616 0.025259067357512953
0 0.2604659628685839 1.108160621761658 0.014925373134328358 0.02849740932642487
0 0.34637786676374227 1.17389896373057 0.012741172187841281 0.03562176165803109
0 0.15635238441936658 1.128238341968912 0.01929377502730251 0.02590673575129534
0 0.2566436112122315 1.0307642487046633 0.021842009464870766 0.02266839378238342
0 0.08299963596650892 0.43555699481865284 0.01310520567892246 0.02784974093264249
0 0.050782672005824536 0.493199481865285 0.01346923917000364 0.025259067357512953
0 0.3387331634510375 1.3452072538860105 0.018565708045140152 0.034974093264248704
