0 0.22952311612668364 0.5977979274611399 0.009828904259191844 0.02849740932642487
0 0.27684746996723697 0.6288860103626943 0.012013105205678921 0.02979274611398964
0 0.32307972333454676 0.6214378238341969 0.011285038223516564 0.03044041450777202
0 0.34109938114306515 0.6207901554404145 0.012377138696760102 0.03173575129533679
0 0.3862395340371314 0.5317357512953368 0.01383327266108482 0.023316062176165803
0 0.3117946851110302 0.5602331606217616 0.010556971241354204 0.027202072538860103
0 0.28613032398980703 0.5773963730569949 0.02038587550054605 0.02396373056994819
0 0.2961412449945395 0.695919689119171 0.012741172187841281 0.02784974093264249
0 0.27684746996723697 0.7137305699481865 0.016381507098653075 0.027202072538860103
0 0.3496541681834729 0.7441709844559585 0.017837641062977794 0.027202072538860103
0 0.2917728431015653 0.4886658031088083 0.017837641062977794 0.020077720207253888
0 0.3254459410265744 0.4682642487046632 0.017473607571896616 0.02072538860103627
0 0.3016017473607572 0.415479274611399 0.012013105205678921 0.03044041450777202
0 0.28449217327994175 0.4096502590673575 0.01346923917000364 0.02266839378238342
0 0.24954495813614852 0.44430051813471505 0.010556971241354204 0.027202072538860103
0 0.22934109938114305 0.45531088082901555 0.008736803785948308 0.023316062176165803
0 0.20786312340735347 0.4727979274611399 0.011649071714597743 0.019430051813471502
0 0.21914816163087003 0.3539507772020726 0.016745540589734254 0.017487046632124352
0 0.2606479796141245 1.1120466321243523 0.014561339643247177 0.022020725388601038
0 0.27739352020385877 1.1259715025906736 0.015289406625409537 0.02655440414507772
0 0.3689479432107754 0.9536917098445596 0.02002184200946487 0.029145077720207253
0 0.3629413906079359 0.9889896373056996 0.015289406625409537 0.02072538860103627
0 0.18511103021477976 0.9970854922279793 0.009828904259191844 0.02784974093264249
0 0.23971605387695666 0.9005829015544041 0.012741172187841281 0.02266839378238342
0 0.2180560611576265 0.8944300518134716 0.009464870768110666 0.019430051813471502
0 0.15161994903531123 0.9158031088082902 0.023662176920276664 0.022020725388601038
0 0.17819439388423733 0.851360103626943 0.024390243902439022 0.02396373056994819
0 0.1572624681470695 1.1314766839378239 0.017473607571896616 0.023316062176165803
0 0.2551874772479068 1.032059585492228 0.01965780851838369 0.02396373056994819
0 0.3472879504914452 1.175841968911917 0.012377138696760102 0.034326424870466325
0 0.33764106297779395 1.3474740932642488 0.015653440116490717 0.03173575129533679
0 0.3656716417910448 0.6156088082901555 0.015653440116490717 0.021373056994818652
0 0.08245358572988715 0.43976683937823835 0.011285038223516564 0.027202072538860103
0 0.050418638514743354 0.4970854922279793 0.012013105205678921 0.02655440414507772
0 0.20859119038951582 0.9145077720207254 0.012377138696760102 0.022020725388601038
0 0.1383327266108482 0.9818652849740933 0.01383327266108482 0.023316062176165803
