0 0.495995631598107 1.141839378238342 0.01929377502730251 0.034974093264248704
0 0.40680742628321803 0.5841968911917099 0.01346923917000364 0.023316062176165803
0 0.495995631598107 0.4685880829015544 0.015653440116490717 0.02266839378238342
0 0.514197306152166 0.7215025906735751 0.015653440116490717 0.02849740932642487
0 0.5041863851474335 1.6052461139896375 0.014561339643247177 0.03173575129533679
0 0.1437932289770659 1.6544689119170986 0.01892974153622133 0.03562176165803109
0 0.1113942482708409 0.24449481865284975 0.01310520567892246 0.029145077720207253
0 0.17746632690207498 0.2150259067357513 0.014197306152165998 0.02979274611398964
0 0.29887149617764835 1.0327072538860105 0.01383327266108482 0.02784974093264249
0 0.5096468875136513 0.73639896373057 0.010192937750273025 0.023316062176165803
