0 0.4967236985802694 1.1454015544041452 0.02074990899162723 0.03173575129533679
0 0.5034583181652712 1.6065414507772022 0.016017473607571896 0.034326424870466325
0 0.14270112850382236 1.6544689119170986 0.018201674554058973 0.038212435233160626
0 0.4075354932653804 0.5880829015544041 0.01346923917000364 0.023316062176165803
0 0.5136512559155442 0.7205310880829016 0.014561339643247177 0.02784974093264249
0 0.4961776483436476 0.469559585492228 0.016017473607571896 0.023316062176165803
0 0.20167455405897342 0.738018134715026 0.017473607571896616 0.020077720207253888
0 0.11103021477975973 0.24805699481865287 0.01383327266108482 0.02590673575129534
0 0.17710229341099382 0.2192357512953368 0.014197306152165998 0.02655440414507772
0 0.29905351292318894 1.0372409326424872 0.015653440116490717 0.02784974093264249
0 0.5096468875136513 0.7402849740932643 0.010192937750273025 0.023316062176165803
