0 0.407717510010921 0.5887305699481865 0.01310520567892246 0.022020725388601038
0 0.49544958136148526 0.4685880829015544 0.014561339643247177 0.021373056994818652
0 0.20149253731343283 0.7376943005181348 0.017109574080815433 0.019430051813471502
0 0.5136512559155442 0.7218264248704663 0.016017473607571896 0.029145077720207253
0 0.11121223152530033 0.24773316062176168 0.014925373134328358 0.02655440414507772
0 0.1769202766654532 0.22020725388601037 0.01383327266108482 0.027202072538860103
0 0.50309428467419 1.6071891191709846 0.015289406625409537 0.03950777202072539
0 0.49635966508918816 1.143458549222798 0.021477975973789587 0.033031088082901554
0 0.1434291954859847 1.6547927461139897 0.01892974153622133 0.040155440414507776
0 0.2986894794321077 1.0375647668393784 0.014197306152165998 0.027202072538860103
0 0.5094648707681106 0.7376943005181348 0.010556971241354204 0.022020725388601038
