0 0.15744448489261012 0.6894430051813472 0.014197306152165998 0.03562176165803109
0 0.09483072442664725 0.5181347150259068 0.017837641062977794 0.027202072538860103
0 0.17673825991991263 0.49773316062176165 0.014197306152165998 0.029145077720207253
0 0.4379322897706589 0.6564119170984456 0.009464870768110666 0.02266839378238342
0 0.4588642155078267 0.6405440414507773 0.018565708045140152 0.022020725388601038
0 0.4987258827812159 0.5829015544041452 0.010921004732435383 0.027202072538860103
0 0.4208227156898435 0.8150906735751295 0.014561339643247177 0.02784974093264249
0 0.5121951219512195 0.8167098445595855 0.018201674554058973 0.02461139896373057
0 0.5202038587550054 0.7950129533678757 0.011649071714597743 0.03950777202072539
0 0.19712413542045867 1.0077720207253886 0.017109574080815433 0.019430051813471502
0 0.3096104841645431 1.204339378238342 0.01346923917000364 0.02655440414507772
0 0.49635966508918816 1.3144430051813472 0.017837641062977794 0.03950777202072539
0 0.5069166363305424 1.6408678756476685 0.017837641062977794 0.03562176165803109
0 0.14197306152165998 1.6894430051813472 0.021842009464870766 0.02784974093264249
0 0.26847469967236987 0.6968911917098446 0.006188569348380051 0.01295336787564767
