0 0.24717874044412086 0.5255829015544041 0.016745540589734254 0.020077720207253888
0 0.21641791044776118 0.10297927461139897 0.008372770294867127 0.027202072538860103
0 0.08336366945759009 0.653821243523316 0.01965780851838369 0.021373056994818652
0 0.17710229341099382 0.6308290155440415 0.014925373134328358 0.022020725388601038
0 0.5105569712413541 0.7130829015544041 0.010556971241354204 0.031088082901554404
0 0.46887513651255913 0.7603626943005182 0.021842009464870766 0.022020725388601038
0 0.5194757917728431 0.875 0.012377138696760102 0.038860103626943004
0 0.5198398252639242 0.908678756476684 0.012377138696760102 0.02590673575129534
0 0.4288314524936294 0.9400906735751295 0.01310520567892246 0.02655440414507772
0 0.1892974153622133 1.1314766839378239 0.017473607571896616 0.023316062176165803
0 0.3137968693119767 1.295660621761658 0.01310520567892246 0.02655440414507772
0 0.5001820167455405 1.385038860103627 0.018201674554058973 0.029145077720207253
0 0.5118310884601384 1.6674222797927463 0.02038587550054605 0.02784974093264249
