0 0.06734619585001819 0.038860103626943004 0.014561339643247177 0.022020725388601038
0 0.1579905351292319 0.6907383419689119 0.014561339643247177 0.033031088082901554
0 0.3560247542773935 0.25259067357512954 0.011649071714597743 0.023316062176165803
0 0.2124135420458682 0.24125647668393782 0.009100837277029487 0.02784974093264249
0 0.11776483436476155 0.24870466321243523 0.009100837277029487 0.02072538860103627
0 0.5129231889333818 0.7299222797927462 0.009464870768110666 0.031088082901554404
0 0.4734255551510739 0.8183290155440415 0.022934109938114306 0.025259067357512953
0 0.1776483436476156 0.6900906735751295 0.012377138696760102 0.02266839378238342
0 0.0779031670913724 0.7117875647668394 0.017473607571896616 0.02461139896373057
0 0.520385875500546 0.8808290155440415 0.012013105205678921 0.032383419689119175
0 0.5198398252639242 0.9122409326424871 0.012377138696760102 0.01878238341968912
0 0.4324717874044412 0.9996761658031088 0.014561339643247177 0.03044041450777202
0 0.19038951583545685 1.1819948186528497 0.018201674554058973 0.022020725388601038
0 0.3136148525664361 1.3319300518134716 0.014197306152165998 0.02655440414507772
0 0.504004368401893 1.7610103626943006 0.017109574080815433 0.034974093264248704
0 0.5020021842009464 1.4213082901554404 0.021113942482708408 0.03562176165803109
