0 0.3130688023298143 0.01878238341968912 0.009464870768110666 0.02461139896373057
0 0.0531488896978522 0.09909326424870467 0.010192937750273025 0.023316062176165803
0 0.1133964324717874 0.35492227979274615 0.009100837277029487 0.02590673575129534
0 0.21295959228248998 0.3694948186528498 0.009464870768110666 0.03044041450777202
0 0.3636694575900983 0.35686528497409326 0.012377138696760102 0.02072538860103627
0 0.07590098289042592 0.7503238341968912 0.016381507098653075 0.021373056994818652
0 0.17673825991991263 0.7386658031088084 0.012013105205678921 0.021373056994818652
0 0.5165635238441937 0.7422279792746114 0.010192937750273025 0.02590673575129534
0 0.4765198398252639 0.8688471502590673 0.021113942482708408 0.02655440414507772
0 0.5220240262104113 0.8931347150259068 0.012377138696760102 0.036269430051813475
0 0.5251183108846014 0.9336139896373057 0.014197306152165998 0.03173575129533679
0 0.43556607207863124 1.0446891191709844 0.014197306152165998 0.02590673575129534
0 0.19020749908991627 1.2202072538860105 0.018565708045140152 0.023316062176165803
0 0.31288678558427374 1.3584844559585492 0.012741172187841281 0.02784974093264249
0 0.5020021842009464 1.4517487046632125 0.023298143429195485 0.029145077720207253
