0 0.1576265016381507 0.6900906735751295 0.014561339643247177 0.033031088082901554
0 0.04823443756825628 0.21437823834196892 0.01346923917000364 0.019430051813471502
0 0.10520567892246087 0.20401554404145078 0.01383327266108482 0.031088082901554404
0 0.3289042591918456 0.28853626943005184 0.009828904259191844 0.033031088082901554
0 0.10757189661448853 0.560880829015544 0.009828904259191844 0.02979274611398964
0 0.2109574080815435 0.5615284974093264 0.012741172187841281 0.02461139896373057
0 0.37349836184929014 0.5534326424870466 0.014561339643247177 0.021373056994818652
0 0.5240262104113578 0.8341968911917099 0.012741172187841281 0.019430051813471502
0 0.06680014561339644 0.8743523316062176 0.02002184200946487 0.02461139896373057
0 0.17145977429923553 0.8805051813471503 0.014561339643247177 0.02396373056994819
0 0.4965416818347288 0.9841321243523317 0.01310520567892246 0.040803108808290155
0 0.5322169639606844 0.9873704663212436 0.01310520567892246 0.02784974093264249
0 0.5365853658536586 1.0119818652849741 0.018201674554058973 0.02266839378238342
0 0.4395704404805242 1.1373056994818653 0.012741172187841281 0.02979274611398964
0 0.31215871860211136 1.4352331606217616 0.012741172187841281 0.034974093264248704
0 0.5005460502366218 1.5042098445595855 0.022570076447033127 0.025259067357512953
0 0.18838733163451038 1.3128238341968912 0.01929377502730251 0.02461139896373057
