0 0.15562431743720423 0.6923575129533679 0.014197306152165998 0.032383419689119175
0 0.08008736803785949 0.46534974093264253 0.012377138696760102 0.03173575129533679
0 0.06443392792136876 0.5401554404145078 0.015289406625409537 0.023316062176165803
0 0.34255551510738985 0.5194300518134716 0.012377138696760102 0.02849740932642487
0 0.39078995267564615 0.7665155440414508 0.009828904259191844 0.020077720207253888
0 0.2124135420458682 0.7535621761658031 0.010556971241354204 0.020077720207253888
0 0.10120131052056788 0.7412564766839379 0.009464870768110666 0.02784974093264249
0 0.05533309064433928 1.0246113989637307 0.022570076447033127 0.02461139896373057
0 0.16636330542409902 1.0547279792746114 0.01310520567892246 0.029145077720207253
0 0.5353112486348743 0.9598445595854923 0.014197306152165998 0.031088082901554404
0 0.5067346195850018 1.1441062176165804 0.011649071714597743 0.04339378238341969
0 0.47087732071350563 1.1593264248704664 0.010556971241354204 0.031088082901554404
0 0.2813978886057517 1.179080310880829 0.010921004732435383 0.029145077720207253
0 0.18729523116126684 1.4439766839378239 0.017109574080815433 0.02396373056994819
0 0.44521295959228246 1.2995466321243523 0.01383327266108482 0.02655440414507772
0 0.5065526028394612 1.6139896373056994 0.017109574080815433 0.02979274611398964
