0 0.15635238441936658 0.6920336787564767 0.014197306152165998 0.033031088082901554
0 0.10247542773935202 0.16709844559585493 0.014925373134328358 0.01683937823834197
0 0.17746632690207498 0.2548575129533679 0.014925373134328358 0.025259067357512953
0 0.294139060793593 0.39831606217616583 0.008008736803785948 0.018134715025906738
0 0.35020021842009463 0.6466968911917099 0.01310520567892246 0.02784974093264249
0 0.06388787768474699 0.6531735751295337 0.012013105205678921 0.033031088082901554
0 0.05478704040771751 0.6687176165803109 0.010556971241354204 0.02266839378238342
0 0.40098289042591917 0.8753238341968912 0.011285038223516564 0.020077720207253888
0 0.09646887513651256 0.8474740932642487 0.010192937750273025 0.03044041450777202
0 0.05114670549690571 1.1042746113989639 0.02584637786676374 0.027202072538860103
0 0.16709137240626137 1.13860103626943 0.015289406625409537 0.02461139896373057
0 0.560793593010557 1.138277202072539 0.02002184200946487 0.033031088082901554
0 0.5138332726610848 1.2224740932642488 0.012741172187841281 0.04339378238341969
0 0.485802693847834 1.2474093264248705 0.010556971241354204 0.034974093264248704
0 0.7180560611576264 1.9566062176165804 0.012741172187841281 0.03367875647668394
0 0.4461230433199854 1.371761658031088 0.011285038223516564 0.027202072538860103
0 0.3139788860575173 1.6185233160621761 0.012013105205678921 0.034974093264248704
