0 0.14597742992355295 0.342940414507772 0.011649071714597743 0.025259067357512953
0 0.18219876228613033 0.37694300518134716 0.01346923917000364 0.02461139896373057
0 0.0655260283946123 0.454339378238342 0.01310520567892246 0.017487046632124352
0 0.4874408445576993 0.452720207253886 0.017473607571896616 0.019430051813471502
0 0.1630870040043684 0.506800518134715 0.021842009464870766 0.01878238341968912
0 0.049326538041499814 0.8435880829015544 0.012741172187841281 0.02784974093264249
0 0.03749544958136149 0.8785621761658031 0.011649071714597743 0.03562176165803109
0 0.3574808882417182 0.8364637305699483 0.01310520567892246 0.033031088082901554
0 0.41190389515835457 1.0654145077720207 0.012013105205678921 0.02979274611398964
0 0.21368765926465233 1.0239637305699483 0.010921004732435383 0.023316062176165803
0 0.08481980342191481 1.0223445595854923 0.010192937750273025 0.034326424870466325
0 0.04149981798325446 1.255181347150259 0.023298143429195485 0.02979274611398964
0 0.16217692027666544 1.2875647668393784 0.01346923917000364 0.027202072538860103
0 0.5728066982162359 1.1599740932642488 0.023662176920276664 0.02590673575129534
0 0.5285766290498726 1.3756476683937824 0.016017473607571896 0.046632124352331605
0 0.4927193301783764 1.3954015544041452 0.011285038223516564 0.03562176165803109
0 0.4539497633782308 1.5207253886010363 0.01383327266108482 0.03756476683937824
0 0.2957772115034583 1.4064119170984457 0.010556971241354204 0.01878238341968912
0 0.18547506370586092 1.6852331606217616 0.011285038223516564 0.03756476683937824
