0 0.15471423370950127 0.6988341968911918 0.01310520567892246 0.03367875647668394
0 0.4435748088824172 0.10589378238341969 0.009100837277029487 0.02784974093264249
0 0.08299963596650892 0.5867875647668394 0.021113942482708408 0.019430051813471502
0 0.05587914088096105 0.653821243523316 0.012013105205678921 0.02655440414507772
0 0.11630870040043684 0.9562823834196892 0.015653440116490717 0.02396373056994819
0 0.1756461594466691 0.9582253886010363 0.012741172187841281 0.02396373056994819
0 0.15180196578085184 1.0446891191709844 0.021842009464870766 0.02072538860103627
0 0.379322897706589 1.339378238341969 0.01383327266108482 0.027202072538860103
0 0.23079723334546778 1.2470854922279793 0.016745540589734254 0.021373056994818652
0 0.12340735347651983 2.0430699481865284 0.023298143429195485 0.03562176165803109
0 0.017837641062977794 1.3873056994818653 0.023298143429195485 0.027202072538860103
0 0.21022934109938113 1.4880181347150259 0.012013105205678921 0.034326424870466325
0 0.07480888241718238 1.5207253886010363 0.014197306152165998 0.031088082901554404
0 0.43993447397160534 1.5680051813471503 0.012741172187841281 0.038860103626943004
0 0.7222424463050601 2.1761658031088085 0.014561339643247177 0.04922279792746114
