0 0.3698580269384783 0.06217616580310881 0.01310520567892246 0.018134715025906738
0 0.4643247178740444 0.40479274611398963 0.017837641062977794 0.015544041450777202
0 0.07244266472515472 0.7606865284974094 0.021113942482708408 0.020077720207253888
0 0.0460502366217692 0.820919689119171 0.011285038223516564 0.02784974093264249
0 0.11194029850746268 1.1146373056994818 0.02220604295595195 0.023316062176165803
0 0.17273389151801966 1.1243523316062176 0.012741172187841281 0.023316062176165803
0 0.14943574808882418 1.1985103626943006 0.02002184200946487 0.025259067357512953
0 0.06789224608663996 1.9494818652849741 0.01346923917000364 0.04922279792746114
0 0.11285038223516564 2.177137305699482 0.016745540589734254 0.04987046632124353
0 0.016017473607571896 1.5498704663212435 0.015289406625409537 0.02979274611398964
0 0.22952311612668364 1.398639896373057 0.017837641062977794 0.025259067357512953
0 0.386421550782672 1.5181347150259068 0.014925373134328358 0.02979274611398964
0 0.7235165635238442 2.1784326424870466 0.012741172187841281 0.042098445595854926
0 0.7566436112122314 2.2033678756476687 0.011285038223516564 0.02979274611398964
