0 0.46341463414634143 0.07577720207253887 0.009464870768110666 0.01683937823834197
0 0.39406625409537677 0.33419689119170987 0.01346923917000364 0.022020725388601038
0 0.08481980342191481 0.4582253886010363 0.011649071714597743 0.01878238341968912
0 0.474699672369858 0.6049222797927462 0.02038587550054605 0.019430051813471502
0 0.06061157626501638 0.9446243523316062 0.02074990899162723 0.02266839378238342
0 0.03148889697852202 0.9912564766839379 0.011285038223516564 0.03173575129533679
0 0.10993811430651619 1.2720207253886011 0.022570076447033127 0.02461139896373057
0 0.1754641427011285 1.2917746113989639 0.015289406625409537 0.02655440414507772
0 0.14925373134328357 1.3620466321243523 0.02038587550054605 0.023316062176165803
0 0.7244266472515472 2.179080310880829 0.014561339643247177 0.05116580310880829
0 0.3352748452857663 1.4672927461139897 0.010192937750273025 0.021373056994818652
0 0.22733891518019658 1.5731865284974094 0.01929377502730251 0.02849740932642487
