0 0.4814342919548598 0.2312176165803109 0.009100837277029487 0.018134715025906738
0 0.2761194029850746 0.34553108808290156 0.015653440116490717 0.01878238341968912
0 0.1507098653076083 0.572538860103627 0.017473607571896616 0.019430051813471502
0 0.06880232981434292 0.6327720207253886 0.016017473607571896 0.01683937823834197
0 0.08227156898434655 0.6849093264248705 0.016017473607571896 0.017487046632124352
0 0.40444120859119037 0.5210492227979275 0.015289406625409537 0.01878238341968912
0 0.48125227520931924 0.7645725388601037 0.01965780851838369 0.017487046632124352
0 0.049690571532580996 1.08419689119171 0.021477975973789587 0.02461139896373057
0 0.01929377502730251 1.1327720207253886 0.014561339643247177 0.032383419689119175
0 0.16381507098653075 1.1146373056994818 0.01310520567892246 0.02590673575129534
0 0.10829996359665088 1.4038212435233162 0.022934109938114306 0.02396373056994819
0 0.17510010921004732 1.4284326424870466 0.018201674554058973 0.02655440414507772
0 0.7244266472515472 2.180699481865285 0.014561339643247177 0.04533678756476684
0 0.3458318165271205 1.6159326424870466 0.010921004732435383 0.031088082901554404
0 0.14761558063341826 1.4964378238341969 0.021477975973789587 0.02655440414507772
