0 0.17109574080815435 0.31865284974093266 0.016017473607571896 0.032383419689119175
0 0.48179832544594103 0.31055699481865284 0.008372770294867127 0.025259067357512953
0 0.28048780487804875 0.461139896373057 0.017837641062977794 0.019430051813471502
0 0.14033491081179467 0.667098445595855 0.012013105205678921 0.032383419689119175
0 0.06170367673825992 0.7244170984455959 0.016381507098653075 0.01878238341968912
0 0.07917728431015653 0.7713730569948187 0.016381507098653075 0.02072538860103627
0 0.4078995267564616 0.6185233160621761 0.016381507098653075 0.018134715025906738
0 0.4872588278121587 0.8484455958549223 0.017109574080815433 0.02072538860103627
0 0.04768838733163451 1.1599740932642488 0.021113942482708408 0.02461139896373057
0 0.016745540589734254 1.205958549222798 0.01310520567892246 0.031088082901554404
0 0.7255187477247906 2.180699481865285 0.017473607571896616 0.04922279792746114
0 0.10720786312340735 1.4844559585492227 0.02002184200946487 0.02849740932642487
0 0.1756461594466691 1.5113341968911918 0.02002184200946487 0.03950777202072539
0 0.14816163087004003 1.5783678756476685 0.022570076447033127 0.032383419689119175
