0 0.18001456133964325 0.4300518134715026 0.01346923917000364 0.034974093264248704
0 0.28303603931561705 0.5310880829015544 0.017837641062977794 0.018134715025906738
0 0.4843465598835093 0.37370466321243523 0.009100837277029487 0.018134715025906738
0 0.13778667637422642 0.7331606217616581 0.010556971241354204 0.03367875647668394
0 0.057335274845285764 0.7862694300518135 0.016381507098653075 0.019430051813471502
0 0.0762650163815071 0.8348445595854923 0.017109574080815433 0.02072538860103627
0 0.413906079359301 0.6832901554404145 0.016017473607571896 0.015544041450777202
0 0.4925373134328358 0.9077072538860104 0.017473607571896616 0.020077720207253888
0 0.043866035675282126 1.221178756476684 0.021477975973789587 0.025259067357512953
0 0.01365125591554423 1.2678108808290156 0.01346923917000364 0.029145077720207253
0 0.10738987986894794 1.5427461139896375 0.021113942482708408 0.02461139896373057
0 0.17491809246450674 1.5705958549222798 0.018565708045140152 0.04145077720207254
0 0.7257007644703313 2.1829663212435233 0.015653440116490717 0.040803108808290155
0 0.7559155442300691 2.2033678756476687 0.01346923917000364 0.031088082901554404
0 0.15052784856206772 1.6476683937823835 0.022934109938114306 0.038860103626943004
