0 0.48270840917364394 0.40803108808290156 0.010192937750273025 0.018134715025906738
0 0.18092464506734618 0.4740932642487047 0.011649071714597743 0.036269430051813475
0 0.28449217327994175 0.5696243523316062 0.017837641062977794 0.017487046632124352
0 0.41700036403349106 0.7240932642487047 0.014197306152165998 0.019430051813471502
0 0.1363305424099017 0.7710492227979275 0.010556971241354204 0.036917098445595854
0 0.05424099017109574 0.8251295336787565 0.016745540589734254 0.02072538860103627
0 0.07553694939934473 0.8727331606217616 0.016381507098653075 0.021373056994818652
0 0.4972697488168911 0.9430051813471503 0.016017473607571896 0.02590673575129534
0 0.044594102657444484 1.2555051813471503 0.02074990899162723 0.021373056994818652
0 0.01383327266108482 1.3018134715025906 0.01310520567892246 0.032383419689119175
0 0.7246086639970877 2.1816709844559585 0.01346923917000364 0.042098445595854926
0 0.10575172915908262 1.577720207253886 0.01929377502730251 0.023316062176165803
0 0.1756461594466691 1.6139896373056994 0.024390243902439022 0.03756476683937824
