0 0.3946572580645162 0.23790322580645162 0.029905913978494625 0.022401433691756272
0 0.3499663978494624 0.05622759856630825 0.022513440860215055 0.04345878136200717
0 0.47093413978494625 0.14807347670250895 0.020497311827956992 0.030017921146953404
0 0.30997983870967744 0.9715501792114696 0.020497311827956992 0.025537634408602152
0 0.31535618279569894 0.9406362007168458 0.019153225806451613 0.023745519713261647
0 0.3392137096774194 0.6319444444444444 0.02452956989247312 0.023745519713261647
0 0.1370967741935484 0.6001344086021505 0.02956989247311828 0.0246415770609319
0 0.47832661290322587 0.719758064516129 0.02856182795698925 0.027329749103942653
0 0.30745967741935487 0.8030913978494624 0.032930107526881726 0.0264336917562724
0 0.6048387096774194 0.4224910394265233 0.012768817204301076 0.01971326164874552
0 0.5010080645161291 0.4531810035842294 0.0228494623655914 0.023745519713261647
