0 0.3516465053763441 0.2567204301075269 0.023185483870967742 0.04032258064516129
0 0.17103494623655915 0.12432795698924731 0.020161290322580648 0.023745519713261647
0 0.3884408602150538 0.47558243727598565 0.018145161290322582 0.025537634408602152
0 0.4571572580645162 0.4204749103942652 0.019825268817204304 0.030913978494623656
0 0.38743279569892475 0.414426523297491 0.028897849462365593 0.023297491039426525
0 0.35584677419354843 0.37544802867383514 0.021505376344086023 0.021505376344086023
0 0.5816532258064516 0.41151433691756273 0.018145161290322582 0.033602150537634407
0 0.47009408602150543 0.3310931899641577 0.01881720430107527 0.027777777777777776
0 0.2911626344086022 0.9708781362007168 0.026545698924731184 0.03225806451612903
0 0.4658938172043011 0.8626792114695341 0.02452956989247312 0.029121863799283155
0 0.1196236559139785 0.7558243727598566 0.02956989247311828 0.02956989247311828
0 0.3264448924731183 0.7943548387096774 0.023185483870967742 0.023297491039426525
0 0.3005712365591398 0.8660394265232975 0.017809139784946238 0.02060931899641577
0 0.28410618279569894 0.8673835125448028 0.018481182795698926 0.025089605734767026
0 0.2740255376344086 0.34229390681003585 0.019153225806451613 0.023297491039426525
0 0.4254032258064516 0.09050179211469533 0.0342741935483871 0.025985663082437275
