0 0.2862903225806452 0.43257168458781364 0.020833333333333336 0.025537634408602152
0 0.29267473118279574 0.36155913978494625 0.01545698924731183 0.023297491039426525
0 0.2399193548387097 0.03136200716845878 0.03091397849462366 0.01881720430107527
0 0.134744623655914 0.10237455197132617 0.01881720430107527 0.0228494623655914
0 0.10013440860215055 0.19063620071684587 0.016801075268817207 0.036290322580645164
0 0.29351478494623656 0.28024193548387094 0.01713709677419355 0.027329749103942653
0 0.21555779569892475 0.31227598566308246 0.019825268817204304 0.024193548387096774
0 0.32006048387096775 0.21124551971326164 0.015793010752688172 0.025537634408602152
0 0.43245967741935487 0.24596774193548387 0.01545698924731183 0.02060931899641577
0 0.3277889784946237 0.587141577060932 0.02452956989247312 0.036290322580645164
0 0.13155241935483872 0.45094086021505375 0.022513440860215055 0.030913978494623656
0 0.3629032258064516 0.7387992831541219 0.028897849462365593 0.025985663082437275
0 0.6518817204301076 0.6895161290322581 0.017473118279569894 0.02956989247311828
0 0.5005040322580645 0.6344086021505376 0.019825268817204304 0.02956989247311828
0 0.5803091397849462 0.15770609318996415 0.01545698924731183 0.023297491039426525
0 0.4672379032258065 0.9115143369175627 0.02452956989247312 0.030017921146953404
