0 0.2965389784946237 0.9585573476702509 0.029905913978494625 0.04077060931899642
0 0.18380376344086022 0.6812275985663082 0.0228494623655914 0.023745519713261647
0 0.09895833333333334 0.4952956989247312 0.015120967741935484 0.033602150537634407
0 0.21303763440860216 0.4404121863799283 0.024193548387096777 0.025089605734767026
0 0.08602150537634409 0.3207885304659498 0.024865591397849465 0.025985663082437275
0 0.6661626344086022 0.27732974910394265 0.014448924731182797 0.026881720430107527
0 0.0974462365591398 0.2589605734767025 0.018145161290322582 0.025985663082437275
0 0.4712701612903226 0.9823028673835126 0.029233870967741937 0.033602150537634407
0 0.6169354838709677 0.3671594982078853 0.01881720430107527 0.021057347670250897
0 0.2755376344086022 0.39314516129032256 0.018145161290322582 0.023745519713261647
0 0.7239583333333334 0.6704749103942652 0.012432795698924732 0.020161290322580645
0 0.29385080645161293 0.6005824372759857 0.016465053763440863 0.0228494623655914
0 0.4341397849462366 0.8136200716845878 0.012096774193548388 0.01971326164874552
0 0.26260080645161293 0.6581541218637993 0.019825268817204304 0.03136200716845878
