0 0.40737179487179487 0.5825721153846154 0.028205128205128206 0.01658653846153846
0 0.7064102564102565 0.5860576923076923 0.022435897435897436 0.011057692307692308
0 0.20673076923076922 0.4010817307692308 0.016666666666666666 0.016105769230769233
0 0.47099358974358974 0.41418269230769234 0.02467948717948718 0.010096153846153847
0 0.7363782051282052 0.4168269230769231 0.016987179487179486 0.018750000000000003
0 0.6679487179487179 0.3188701923076923 0.021794871794871794 0.011298076923076925
0 0.6498397435897436 0.7860576923076924 0.017628205128205128 0.014423076923076924
0 0.6661858974358974 0.6983173076923077 0.01826923076923077 0.013942307692307693
0 0.5583333333333333 0.7179086538461539 0.013461538461538462 0.012259615384615386
0 0.4798076923076923 0.1966346153846154 0.025 0.014423076923076924
0 0.8943910256410257 0.6230769230769231 0.020833333333333332 0.018750000000000003
0 0.31666666666666665 0.5353365384615385 0.019230769230769232 0.016346153846153847
