0 0.3057692307692308 0.38822115384615385 0.01987179487179487 0.015384615384615385
0 0.6490384615384616 0.41634615384615387 0.021794871794871794 0.01682692307692308
0 0.7322115384615384 0.3902644230769231 0.016346153846153847 0.011778846153846154
0 0.6044871794871794 0.5299278846153846 0.015384615384615385 0.011778846153846154
0 0.3423076923076923 0.2810096153846154 0.013461538461538462 0.01201923076923077
0 0.5850961538461539 0.7075721153846154 0.020833333333333332 0.016105769230769233
0 0.4666666666666667 0.6000000000000001 0.014102564102564103 0.011538461538461539
0 0.06891025641025642 0.47560096153846154 0.021153846153846155 0.011298076923076925
0 0.54375 0.46718750000000003 0.011858974358974358 0.00841346153846154
0 0.777724358974359 0.7905048076923077 0.01955128205128205 0.010817307692307692
0 0.78125 0.7171875000000001 0.0125 0.010336538461538463
