0 0.73125 0.6692307692307693 0.016346153846153847 0.014423076923076924
0 0.6326923076923077 0.7039663461538462 0.023717948717948717 0.016105769230769233
0 0.5716346153846154 0.8054086538461539 0.015705128205128205 0.011298076923076925
0 0.2676282051282051 0.6620192307692309 0.021794871794871794 0.015384615384615385
0 0.30625 0.5722355769230769 0.015705128205128205 0.012740384615384615
0 0.5331730769230769 0.5626201923076923 0.014423076923076924 0.012259615384615386
0 0.20897435897435898 0.4850961538461539 0.013461538461538462 0.014423076923076924
0 0.39294871794871794 0.2465144230769231 0.016025641025641024 0.012740384615384615
0 0.22435897435897437 0.7917067307692308 0.01282051282051282 0.009375000000000001
0 0.6947115384615384 0.5770432692307693 0.015705128205128205 0.009375000000000001
0 0.5801282051282052 0.5294471153846154 0.01858974358974359 0.010817307692307692
0 0.21137820512820513 0.6693509615384616 0.017628205128205128 0.012740384615384615
0 0.6097756410256411 0.33461538461538465 0.016987179487179486 0.011057692307692308
0 0.2455128205128205 0.6478365384615385 0.014102564102564103 0.010576923076923078
