0 0.2764423076923077 0.3885817307692308 0.014423076923076924 0.016105769230769233
0 0.20192307692307693 0.4087740384615385 0.014743589743589743 0.012259615384615386
0 0.5221153846153846 0.6643028846153847 0.008974358974358974 0.00985576923076923
0 0.4080128205128205 0.7028846153846154 0.01730769230769231 0.009615384615384616
0 0.46442307692307694 0.7468750000000001 0.01987179487179487 0.021153846153846155
0 0.7761217948717949 0.7704326923076924 0.016987179487179486 0.015384615384615385
0 0.23525641025641025 0.8718750000000001 0.025 0.015384615384615385
0 0.3629807692307692 0.9443509615384615 0.015705128205128205 0.010336538461538463
0 0.19599358974358974 0.5056490384615385 0.015064102564102564 0.012259615384615386
0 0.7354166666666667 0.2751201923076923 0.021474358974358974 0.011778846153846154
0 0.6416666666666667 0.4105769230769231 0.016666666666666666 0.010096153846153847
