0 0.22403846153846155 0.5230769230769231 0.021794871794871794 0.015865384615384615
0 0.2591346153846154 0.46490384615384617 0.01955128205128205 0.013942307692307693
0 0.6225961538461539 0.5402644230769231 0.011858974358974358 0.010817307692307692
0 0.7270833333333333 0.5126201923076923 0.015064102564102564 0.015625
0 0.5799679487179488 0.6201923076923077 0.01955128205128205 0.010096153846153847
0 0.5091346153846154 0.38846153846153847 0.015705128205128205 0.014903846153846155
0 0.5682692307692307 0.36310096153846155 0.01858974358974359 0.011778846153846154
0 0.33798076923076925 0.33930288461538466 0.013782051282051282 0.018990384615384617
0 0.6423076923076924 0.7413461538461539 0.013461538461538462 0.0125
0 0.6801282051282052 0.7336538461538462 0.01730769230769231 0.0125
0 0.6471153846153846 0.8576923076923078 0.019230769230769232 0.01826923076923077
0 0.24134615384615385 0.7007211538461539 0.015384615384615385 0.0125
0 0.8009615384615385 0.8356971153846154 0.017948717948717947 0.012740384615384615
0 0.340224358974359 0.21129807692307692 0.013141025641025641 0.008653846153846154
