0 0.5232371794871795 0.5621394230769231 0.020192307692307693 0.010817307692307692
0 0.33766025641025643 0.3969951923076923 0.01891025641025641 0.00985576923076923
0 0.6903846153846154 0.6555288461538462 0.01987179487179487 0.013461538461538462
0 0.6408653846153847 0.7024038461538462 0.013782051282051282 0.011057692307692308
0 0.7581730769230769 0.6704326923076923 0.015064102564102564 0.016346153846153847
0 0.3245192307692308 0.5070913461538462 0.015705128205128205 0.015625
0 0.5995192307692307 0.8027644230769231 0.023397435897435898 0.011778846153846154
0 0.6472756410256411 0.8991586538461539 0.014423076923076924 0.015144230769230771
0 0.1891025641025641 0.6717548076923078 0.021794871794871794 0.013701923076923077
0 0.2403846153846154 0.609735576923077 0.020512820512820513 0.015625
0 0.21618589743589745 0.3592548076923077 0.020833333333333332 0.00985576923076923
0 0.2636217948717949 0.2075721153846154 0.01826923076923077 0.010336538461538463
0 0.2266025641025641 0.21514423076923078 0.014102564102564103 0.009615384615384616
0 0.22756410256410256 0.1953125 0.013461538461538462 0.011298076923076925
0 0.6681089743589743 0.47500000000000003 0.016346153846153847 0.014903846153846155
0 0.26474358974358975 0.48605769230769236 0.016025641025641024 0.011057692307692308
0 0.24294871794871795 0.4217548076923077 0.015384615384615385 0.011298076923076925
