0 0.7818910256410256 0.6502403846153847 0.022756410256410255 0.013461538461538462
0 0.7012820512820512 0.7004807692307693 0.01858974358974359 0.0125
0 0.7447115384615385 0.7287259615384616 0.013141025641025641 0.010336538461538463
0 0.5230769230769231 0.7866586538461539 0.01858974358974359 0.013221153846153848
0 0.6982371794871794 0.8552884615384616 0.022115384615384617 0.017788461538461538
0 0.28878205128205126 0.7212740384615385 0.016666666666666666 0.015625
0 0.20977564102564103 0.8147836538461539 0.020192307692307693 0.01658653846153846
0 0.2375 0.5557692307692308 0.014102564102564103 0.0125
0 0.21474358974358973 0.6323317307692308 0.01987179487179487 0.011298076923076925
0 0.21169871794871795 0.44435096153846154 0.011217948717948718 0.011298076923076925
0 0.2309294871794872 0.4262019230769231 0.014423076923076924 0.010576923076923078
0 0.23477564102564102 0.3524038461538462 0.011858974358974358 0.008173076923076924
0 0.649198717948718 0.925 0.016346153846153847 0.014903846153846155
0 0.532051282051282 0.8263221153846154 0.016025641025641024 0.010336538461538463
0 0.37083333333333335 0.8256009615384616 0.014743589743589743 0.011298076923076925
