0 0.5415064102564102 0.2965144230769231 0.01826923076923077 0.019471153846153846
0 0.30689102564102566 0.7171875000000001 0.020192307692307693 0.015625
0 0.19903846153846153 0.7284855769230769 0.01987179487179487 0.014663461538461538
0 0.22419871794871796 0.6526442307692308 0.014423076923076924 0.011538461538461539
0 0.2745192307692308 0.8241586538461539 0.01826923076923077 0.01658653846153846
0 0.5190705128205129 0.903485576923077 0.016346153846153847 0.022836538461538464
0 0.7033653846153847 0.7985576923076924 0.022115384615384617 0.011538461538461539
0 0.6467948717948718 0.4711538461538462 0.01282051282051282 0.009615384615384616
0 0.6113782051282052 0.3967548076923077 0.017628205128205128 0.011298076923076925
0 0.5838141025641026 0.31754807692307696 0.016346153846153847 0.009615384615384616
0 0.21233974358974358 0.5387019230769231 0.01891025641025641 0.011057692307692308
0 0.20833333333333334 0.5280048076923077 0.016025641025641024 0.012259615384615386
0 0.19407051282051282 0.5203125000000001 0.009935897435897435 0.008894230769230769
0 0.22451923076923078 0.4514423076923077 0.015705128205128205 0.009134615384615385
0 0.36009615384615384 0.9442307692307693 0.015705128205128205 0.017788461538461538
