0 0.6541666666666667 0.4614583333333333 0.009259259259259259 0.005208333333333333
0 0.674537037037037 0.4766927083333333 0.009259259259259259 0.006510416666666667
0 0.6083333333333334 0.47578125 0.011111111111111112 0.007291666666666667
0 0.5886574074074075 0.46848958333333335 0.007870370370370371 0.005208333333333333
0 0.6770833333333334 0.5149739583333334 0.010648148148148148 0.00703125
0 0.6523148148148148 0.5131510416666667 0.009259259259259259 0.005989583333333333
0 0.6925925925925926 0.5161458333333333 0.009259259259259259 0.00625
0 0.6435185185185185 0.5515625 0.010185185185185186 0.00625
0 0.6824074074074075 0.5596354166666666 0.012962962962962964 0.0067708333333333336
0 0.6756944444444445 0.5682291666666667 0.011574074074074075 0.0046875
0 0.6601851851851852 0.5623697916666667 0.009259259259259259 0.005989583333333333
0 0.6685185185185185 0.5622395833333333 0.008333333333333333 0.00625
0 0.6034722222222223 0.6131510416666667 0.008796296296296297 0.006510416666666667
0 0.6108796296296296 0.6298177083333333 0.010648148148148148 0.006510416666666667
0 0.5916666666666667 0.6256510416666666 0.010185185185185186 0.005989583333333333
0 0.5928240740740741 0.619921875 0.008796296296296297 0.0049479166666666664
0 0.5847222222222223 0.61484375 0.008333333333333333 0.004166666666666667
0 0.7046296296296296 0.6671875 0.010185185185185186 0.0067708333333333336
0 0.6064814814814815 0.6694010416666667 0.009259259259259259 0.0049479166666666664
0 0.6256944444444444 0.6828125 0.009722222222222222 0.0067708333333333336
0 0.6023148148148149 0.684375 0.009259259259259259 0.005729166666666666
0 0.36342592592592593 0.445703125 0.009259259259259259 0.004427083333333333
0 0.3509259259259259 0.44674479166666664 0.009259259259259259 0.004427083333333333
0 0.3506944444444445 0.45078124999999997 0.009722222222222222 0.004166666666666667
0 0.5888888888888889 0.5548177083333333 0.008333333333333333 0.00546875
0 0.5722222222222223 0.561328125 0.009259259259259259 0.005989583333333333
0 0.5736111111111112 0.5490885416666667 0.010185185185185186 0.00546875
0 0.569212962962963 0.5532552083333333 0.013425925925925926 0.004427083333333333
0 0.5831018518518519 0.5600260416666667 0.008796296296296297 0.005989583333333333
0 0.5847222222222223 0.516015625 0.012037037037037037 0.0049479166666666664
0 0.5719907407407407 0.5209635416666667 0.0125 0.004427083333333333
0 0.5712962962962963 0.5109375 0.012037037037037037 0.005729166666666666
0 0.6733796296296296 0.61875 0.009722222222222222 0.00625
