0 0.6819444444444445 0.475390625 0.011111111111111112 0.00703125
0 0.6615740740740741 0.46041666666666664 0.009259259259259259 0.005729166666666666
0 0.6150462962962964 0.47486979166666665 0.011574074074074075 0.007552083333333333
0 0.5956018518518519 0.46770833333333334 0.008796296296296297 0.005208333333333333
0 0.6844907407407408 0.5139322916666667 0.010648148148148148 0.006510416666666667
0 0.6601851851851852 0.512109375 0.009259259259259259 0.005989583333333333
0 0.5912037037037037 0.51484375 0.011111111111111112 0.0046875
0 0.5796296296296296 0.5201822916666666 0.012962962962962964 0.004427083333333333
0 0.6513888888888889 0.5505208333333333 0.010185185185185186 0.00625
0 0.6837962962962963 0.5671875 0.011111111111111112 0.005208333333333333
0 0.5958333333333333 0.5537760416666666 0.008333333333333333 0.00546875
0 0.5905092592592592 0.5595052083333333 0.009722222222222222 0.005989583333333333
0 0.5796296296296296 0.5606770833333333 0.010185185185185186 0.005729166666666666
0 0.5756944444444445 0.55234375 0.009722222222222222 0.0046875
0 0.6113425925925926 0.6122395833333333 0.009722222222222222 0.00625
0 0.6189814814814815 0.6287760416666667 0.011111111111111112 0.00703125
0 0.5997685185185185 0.6252604166666667 0.010648148148148148 0.005208333333333333
0 0.6824074074074075 0.61796875 0.008333333333333333 0.005729166666666666
0 0.6784722222222223 0.6122395833333333 0.006944444444444445 0.005208333333333333
0 0.7134259259259259 0.6665364583333333 0.010185185185185186 0.00703125
0 0.6148148148148148 0.6688802083333333 0.011111111111111112 0.0049479166666666664
0 0.643287037037037 0.6794270833333333 0.0125 0.005729166666666666
0 0.6347222222222223 0.6822916666666666 0.009259259259259259 0.007291666666666667
0 0.6201388888888889 0.6854166666666667 0.009722222222222222 0.005729166666666666
0 0.612037037037037 0.68359375 0.008333333333333333 0.005729166666666666
