0 0.6185185185185186 0.44635416666666666 0.012037037037037037 0.005729166666666666
0 0.638425925925926 0.4596354166666667 0.011111111111111112 0.007291666666666667
0 0.6541666666666667 0.446484375 0.014814814814814815 0.00703125
0 0.6557870370370371 0.43893229166666664 0.014351851851851852 0.006510416666666667
0 0.6863425925925927 0.4165364583333333 0.010648148148148148 0.006510416666666667
0 0.6935185185185185 0.407421875 0.012037037037037037 0.005989583333333333
0 0.6900462962962963 0.39427083333333335 0.014351851851851852 0.007291666666666667
0 0.5643518518518519 0.412890625 0.012037037037037037 0.00859375
0 0.5287037037037037 0.404296875 0.01388888888888889 0.00703125
0 0.5372685185185185 0.4127604166666667 0.013425925925925926 0.005729166666666666
0 0.046759259259259264 0.38971354166666666 0.009259259259259259 0.0049479166666666664
0 0.3391203703703704 0.24049479166666665 0.013425925925925926 0.009114583333333334
0 0.3400462962962963 0.25416666666666665 0.014351851851851852 0.008333333333333333
0 0.3194444444444445 0.24765625 0.01388888888888889 0.00625
0 0.3266203703703704 0.24049479166666665 0.013425925925925926 0.00859375
0 0.4439814814814815 0.27421875 0.015740740740740743 0.008333333333333333
0 0.5053240740740741 0.3170572916666667 0.014351851851851852 0.009114583333333334
0 0.5148148148148148 0.326953125 0.01388888888888889 0.007552083333333333
0 0.4636574074074074 0.33098958333333334 0.0125 0.007291666666666667
0 0.42337962962962966 0.3631510416666667 0.0125 0.006510416666666667
0 0.4046296296296297 0.373046875 0.012037037037037037 0.007552083333333333
0 0.35370370370370374 0.34401041666666665 0.014814814814814815 0.009895833333333333
0 0.3539351851851852 0.3326822916666667 0.0125 0.008072916666666666
0 0.6078703703703704 0.365625 0.014814814814814815 0.008333333333333333
0 0.5918981481481481 0.37135416666666665 0.010648148148148148 0.0078125
0 0.58125 0.36861979166666664 0.010648148148148148 0.00546875
