0 0.592948717948718 0.4542067307692308 0.014743589743589743 0.00985576923076923
0 0.5705128205128205 0.43533653846153847 0.015384615384615385 0.0125
0 0.7503205128205128 0.47560096153846154 0.013461538461538462 0.013701923076923077
0 0.46137820512820515 0.3841346153846154 0.009935897435897435 0.009615384615384616
0 0.39903846153846156 0.29891826923076925 0.013461538461538462 0.011298076923076925
0 0.25753205128205126 0.3112980769230769 0.013141025641025641 0.015865384615384615
0 0.5134615384615384 0.053966346153846156 0.01217948717948718 0.013701923076923077
0 0.3716346153846154 0.7721153846153846 0.015064102564102564 0.008653846153846154
0 0.5307692307692308 0.4592548076923077 0.010256410256410256 0.0069711538461538465
0 0.23141025641025642 0.5269230769230769 0.016666666666666666 0.010576923076923078
