0 0.4351851851851852 0.34296875 0.01388888888888889 0.007291666666666667
0 0.33217592592592593 0.3235677083333333 0.0125 0.008072916666666666
0 0.3523148148148148 0.3204427083333333 0.014814814814814815 0.00859375
0 0.3108796296296296 0.31731770833333334 0.013425925925925926 0.005989583333333333
0 0.3298611111111111 0.3098958333333333 0.013425925925925926 0.008854166666666666
0 0.31828703703703703 0.3098958333333333 0.0125 0.008333333333333333
0 0.49768518518518523 0.383984375 0.014814814814814815 0.009114583333333334
0 0.506712962962963 0.39348958333333334 0.0125 0.007291666666666667
0 0.45601851851851855 0.3984375 0.012962962962962964 0.007291666666666667
0 0.6002314814814815 0.43138020833333335 0.015277777777777779 0.008072916666666666
0 0.5847222222222223 0.43645833333333334 0.009259259259259259 0.0078125
0 0.5231481481481481 0.4688802083333333 0.01388888888888889 0.006510416666666667
0 0.5590277777777778 0.47799479166666664 0.010648148148148148 0.00859375
0 0.6506944444444445 0.5028645833333333 0.014351851851851852 0.0067708333333333336
0 0.649537037037037 0.5104166666666666 0.014814814814814815 0.007291666666666667
0 0.6138888888888889 0.51015625 0.012037037037037037 0.005729166666666666
0 0.6340277777777779 0.5231770833333333 0.011574074074074075 0.007291666666666667
0 0.643287037037037 0.5190104166666667 0.0125 0.00625
0 0.6803240740740741 0.480859375 0.010648148148148148 0.00546875
0 0.6870370370370371 0.47161458333333334 0.011111111111111112 0.00625
0 0.7030092592592593 0.4634114583333333 0.014351851851851852 0.00703125
0 0.6828703703703703 0.458984375 0.012037037037037037 0.00703125
0 0.5344907407407408 0.48411458333333335 0.0125 0.0067708333333333336
0 0.5324074074074074 0.47760416666666666 0.012037037037037037 0.005208333333333333
0 0.5115740740740741 0.47955729166666666 0.011111111111111112 0.005989583333333333
0 0.41782407407407407 0.44244791666666666 0.013425925925925926 0.005729166666666666
0 0.39861111111111114 0.4321614583333333 0.012962962962962964 0.00546875
0 0.41805555555555557 0.42929687499999997 0.012962962962962964 0.005989583333333333
0 0.3479166666666667 0.400390625 0.0125 0.00703125
0 0.39675925925925926 0.36106770833333335 0.012962962962962964 0.006510416666666667
0 0.4203703703703704 0.35 0.015740740740740743 0.0078125
0 0.34861111111111115 0.4125 0.012037037037037037 0.00625
0 0.3300925925925926 0.40390624999999997 0.010185185185185186 0.008333333333333333
0 0.48564814814814816 0.39921875 0.01388888888888889 0.00625
0 0.49212962962962964 0.39557291666666666 0.01388888888888889 0.00625
0 0.29976851851851855 0.35390625 0.01898148148148148 0.008333333333333333
0 0.26689814814814816 0.359765625 0.009722222222222222 0.005989583333333333
0 0.04814814814814815 0.4739583333333333 0.011111111111111112 0.0067708333333333336
0 0.3997685185185185 0.44036458333333334 0.013425925925925926 0.0078125
