0 0.6519230769230769 0.6304086538461539 0.020512820512820513 0.011298076923076925
0 0.6100961538461539 0.5715144230769231 0.016987179487179486 0.010817307692307692
0 0.7355769230769231 0.7007211538461539 0.021794871794871794 0.018750000000000003
0 0.6147435897435898 0.8522836538461539 0.016025641025641024 0.014663461538461538
0 0.5081730769230769 0.8299278846153847 0.022756410256410255 0.030048076923076924
0 0.32387820512820514 0.6402644230769231 0.016987179487179486 0.012259615384615386
0 0.7043269230769231 0.3418269230769231 0.01826923076923077 0.011538461538461539
0 0.5863782051282052 0.39735576923076926 0.011858974358974358 0.012980769230769231
0 0.6762820512820513 0.4522836538461539 0.019230769230769232 0.008894230769230769
0 0.2296474358974359 0.4022836538461539 0.014423076923076924 0.012259615384615386
