0 0.5944444444444444 0.351953125 0.02777777777777778 0.013802083333333333
0 0.4627314814814815 0.38697916666666665 0.030092592592592594 0.021354166666666667
0 0.6601851851851852 0.4109375 0.024074074074074074 0.019791666666666666
0 0.6925925925925926 0.512109375 0.032407407407407406 0.01640625
0 0.5393518518518519 0.605078125 0.030555555555555558 0.01796875
0 0.5810185185185185 0.6311197916666667 0.02962962962962963 0.016927083333333332
0 0.6150462962962964 0.6328125 0.025462962962962965 0.018229166666666668
0 0.6273148148148149 0.3477864583333333 0.031481481481481485 0.01640625
0 0.6217592592592592 0.36419270833333334 0.026851851851851852 0.019010416666666665
0 0.6476851851851853 0.35859375 0.02962962962962963 0.015625
0 0.4898148148148148 0.358984375 0.026851851851851852 0.01796875
0 0.4759259259259259 0.37395833333333334 0.02592592592592593 0.015104166666666667
0 0.4064814814814815 0.37083333333333335 0.025 0.015104166666666667
0 0.56875 0.4915364583333333 0.025462962962962965 0.01796875
0 0.5863425925925926 0.5080729166666667 0.02361111111111111 0.011458333333333333
0 0.3479166666666667 0.47747395833333334 0.03287037037037037 0.017447916666666667
0 0.33055555555555555 0.5970052083333334 0.028703703703703703 0.01796875
0 0.3574074074074074 0.5908854166666666 0.028703703703703703 0.0171875
0 0.39513888888888893 0.6123697916666666 0.024537037037037038 0.017447916666666667
0 0.3550925925925926 0.6239583333333333 0.028703703703703703 0.015104166666666667
0 0.3611111111111111 0.6501302083333333 0.028703703703703703 0.019010416666666665
0 0.549074074074074 0.79921875 0.031481481481481485 0.01614583333333333
0 0.6252314814814816 0.8057291666666666 0.03564814814814815 0.0203125
0 0.41226851851851853 0.7727864583333334 0.025462962962962965 0.01796875
0 0.39375 0.7951822916666667 0.030092592592592594 0.01953125
0 0.37824074074074077 0.8165364583333333 0.02962962962962963 0.013802083333333333
0 0.40555555555555556 0.8397135416666667 0.025 0.020572916666666666
0 0.3821759259259259 0.7774739583333333 0.02361111111111111 0.014322916666666666
0 0.5930555555555556 0.76875 0.02777777777777778 0.011979166666666666
0 0.6231481481481481 0.77578125 0.02592592592592593 0.015625
0 0.6050925925925926 0.6631510416666666 0.025 0.018489583333333334
0 0.4087962962962963 0.9200520833333333 0.026851851851851852 0.015104166666666667
0 0.6256944444444444 0.9251302083333334 0.024537037037037038 0.016927083333333332
0 0.6277777777777778 0.9514322916666667 0.022222222222222223 0.018489583333333334
0 0.47962962962962963 0.9462239583333333 0.032407407407407406 0.017447916666666667
0 0.42291666666666666 0.9699218749999999 0.024537037037037038 0.018489583333333334
