0 0.41378205128205126 0.6070913461538462 0.014102564102564103 0.012740384615384615
0 0.6522435897435898 0.6164663461538462 0.015384615384615385 0.011298076923076925
0 0.840224358974359 0.8234375 0.015705128205128205 0.018990384615384617
0 0.7466346153846154 0.7825721153846155 0.016987179487179486 0.014663461538461538
0 0.4810897435897436 0.8457932692307693 0.019230769230769232 0.011298076923076925
0 0.2721153846153846 0.2605769230769231 0.015384615384615385 0.01201923076923077
0 0.7254807692307692 0.2644230769230769 0.013141025641025641 0.011538461538461539
0 0.7775641025641026 0.43449519230769235 0.014102564102564103 0.008894230769230769
0 0.2985576923076923 0.7489182692307693 0.013141025641025641 0.014663461538461538
0 0.2185897435897436 0.8855769230769232 0.015384615384615385 0.0125
0 0.38301282051282054 0.6459134615384615 0.014102564102564103 0.008173076923076924
