0 0.36041666666666666 0.5211538461538462 0.023397435897435898 0.009615384615384616
0 0.40016025641025643 0.561298076923077 0.01826923076923077 0.009615384615384616
0 0.28573717948717947 0.5057692307692307 0.013782051282051282 0.007692307692307693
0 0.34951923076923075 0.4299278846153846 0.015705128205128205 0.010336538461538463
0 0.2528846153846154 0.826923076923077 0.021794871794871794 0.012980769230769231
0 0.21570512820512822 0.7342548076923078 0.01282051282051282 0.010817307692307692
0 0.2668269230769231 0.694110576923077 0.011217948717948718 0.012259615384615386
0 0.2362179487179487 0.2637019230769231 0.014102564102564103 0.012980769230769231
0 0.2746794871794872 0.36562500000000003 0.007692307692307693 0.009134615384615385
0 0.5907051282051282 0.3125 0.01730769230769231 0.013461538461538462
0 0.7455128205128205 0.44735576923076925 0.010897435897435897 0.011538461538461539
