0 0.7756410256410257 0.8027644230769231 0.019230769230769232 0.01418269230769231
0 0.7084935897435898 0.8092548076923077 0.01891025641025641 0.016105769230769233
0 0.7173076923076923 0.6355769230769232 0.01730769230769231 0.014423076923076924
0 0.24086538461538462 0.8653846153846154 0.017628205128205128 0.011538461538461539
0 0.3293269230769231 0.89375 0.01891025641025641 0.008653846153846154
0 0.3059294871794872 0.8046875 0.022756410256410255 0.016105769230769233
0 0.41057692307692306 0.586298076923077 0.01987179487179487 0.01201923076923077
0 0.6237179487179487 0.7135817307692308 0.02435897435897436 0.010336538461538463
0 0.7181089743589744 0.5566105769230769 0.0125 0.008894230769230769
0 0.41955128205128206 0.4530048076923077 0.016025641025641024 0.020432692307692308
0 0.8112179487179487 0.5554086538461539 0.01987179487179487 0.016105769230769233
