0 0.6224537037037037 0.3145833333333333 0.027314814814814816 0.013541666666666667
0 0.6851851851851852 0.3697916666666667 0.024074074074074074 0.019270833333333334
0 0.44606481481481486 0.333984375 0.02361111111111111 0.01484375
0 0.525462962962963 0.3221354166666667 0.02777777777777778 0.016666666666666666
0 0.7182870370370371 0.46393229166666666 0.029166666666666667 0.015364583333333333
0 0.6025462962962963 0.44635416666666666 0.022685185185185187 0.017708333333333333
0 0.61875 0.4614583333333333 0.02361111111111111 0.010416666666666666
0 0.6724537037037037 0.47994791666666664 0.03287037037037037 0.017708333333333333
0 0.3923611111111111 0.4348958333333333 0.027314814814814816 0.014583333333333334
0 0.5761574074074074 0.5533854166666666 0.025462962962962965 0.015625
0 0.6162037037037037 0.5776041666666667 0.026851851851851852 0.0171875
0 0.6490740740740741 0.5786458333333333 0.025 0.0171875
0 0.6395833333333334 0.60703125 0.025462962962962965 0.01614583333333333
0 0.44050925925925927 0.561328125 0.02175925925925926 0.015364583333333333
0 0.4043981481481482 0.540625 0.02638888888888889 0.015625
0 0.3791666666666667 0.5466145833333333 0.025 0.0171875
0 0.40324074074074073 0.5717447916666667 0.024074074074074074 0.015364583333333333
0 0.4087962962962963 0.5962239583333333 0.02592592592592593 0.016927083333333332
0 0.6655092592592593 0.7451822916666666 0.0375 0.018489583333333334
0 0.6337962962962963 0.7087239583333333 0.026851851851851852 0.013802083333333333
0 0.6851851851851852 0.711328125 0.021296296296296296 0.01484375
0 0.6631944444444444 0.7154947916666666 0.025462962962962965 0.015885416666666666
0 0.59375 0.739453125 0.029166666666666667 0.01484375
0 0.4601851851851852 0.7147135416666667 0.02592592592592593 0.015364583333333333
0 0.44189814814814815 0.7376302083333334 0.02361111111111111 0.015885416666666666
0 0.4273148148148148 0.758984375 0.02962962962962963 0.01484375
0 0.4564814814814815 0.781640625 0.02962962962962963 0.02005208333333333
0 0.4303240740740741 0.7205729166666667 0.022685185185185187 0.013020833333333334
0 0.7168981481481482 0.8566406249999999 0.029166666666666667 0.02005208333333333
0 0.6712962962962963 0.8645833333333334 0.025 0.015104166666666667
0 0.675462962962963 0.8917968749999999 0.022222222222222223 0.017447916666666667
0 0.4587962962962963 0.8619791666666666 0.026851851851851852 0.015625
0 0.5268518518518519 0.888671875 0.031481481481481485 0.01796875
0 0.47500000000000003 0.914453125 0.024074074074074074 0.017447916666666667
