0 0.5662037037037038 0.2734375 0.026851851851851852 0.0140625
0 0.4689814814814815 0.28020833333333334 0.025 0.01875
0 0.39189814814814816 0.2928385416666667 0.022685185185185187 0.014322916666666666
0 0.6280092592592593 0.328125 0.02361111111111111 0.019270833333333334
0 0.657175925925926 0.42265625 0.029166666666666667 0.01614583333333333
0 0.6113425925925926 0.437890625 0.02638888888888889 0.017447916666666667
0 0.5435185185185185 0.40455729166666665 0.024074074074074074 0.01640625
0 0.5597222222222222 0.4204427083333333 0.024074074074074074 0.012239583333333333
0 0.3837962962962963 0.4114583333333333 0.028703703703703703 0.014583333333333334
0 0.33564814814814814 0.39166666666666666 0.02777777777777778 0.015625
0 0.5155092592592593 0.5104166666666666 0.029166666666666667 0.014583333333333334
0 0.5537037037037037 0.5350260416666667 0.025 0.01640625
0 0.5858796296296297 0.5360677083333333 0.02638888888888889 0.017447916666666667
0 0.575462962962963 0.563671875 0.026851851851851852 0.016927083333333332
0 0.34837962962962965 0.5520833333333334 0.027314814814814816 0.015104166666666667
0 0.3803240740740741 0.5177083333333333 0.02175925925925926 0.015625
0 0.34305555555555556 0.52734375 0.02777777777777778 0.0171875
0 0.3458333333333333 0.4966145833333333 0.025 0.0171875
0 0.3201388888888889 0.5029947916666666 0.02638888888888889 0.01796875
0 0.6166666666666667 0.6665364583333333 0.024074074074074074 0.01328125
0 0.5659722222222222 0.6641927083333333 0.02638888888888889 0.011197916666666667
0 0.525 0.6934895833333333 0.02962962962962963 0.015104166666666667
0 0.5974537037037038 0.7005208333333334 0.03564814814814815 0.018229166666666668
0 0.3960648148148148 0.6674479166666667 0.027314814814814816 0.01614583333333333
0 0.3652777777777778 0.6723958333333333 0.021296296296296296 0.0125
0 0.375 0.68984375 0.025 0.01614583333333333
0 0.36041666666666666 0.7109375 0.031018518518518518 0.0140625
0 0.38703703703703707 0.73359375 0.02777777777777778 0.019270833333333334
0 0.6435185185185185 0.8149739583333333 0.02962962962962963 0.018489583333333334
0 0.5986111111111111 0.8213541666666666 0.02314814814814815 0.01614583333333333
0 0.6013888888888889 0.8493489583333333 0.025 0.017447916666666667
0 0.38680555555555557 0.8156249999999999 0.025462962962962965 0.015625
0 0.45578703703703705 0.8428385416666666 0.03287037037037037 0.02005208333333333
