0 0.5520833333333334 0.6381510416666667 0.013425925925925926 0.00546875
0 0.68125 0.490625 0.013425925925925926 0.00625
0 0.5750000000000001 0.5852864583333334 0.015740740740740743 0.00703125
0 0.44745370370370374 0.66796875 0.009722222222222222 0.00625
0 0.4361111111111111 0.6873697916666667 0.009259259259259259 0.00546875
0 0.4706018518518519 0.6501302083333333 0.009722222222222222 0.005989583333333333
0 0.5388888888888889 0.6963541666666666 0.014814814814814815 0.0067708333333333336
0 0.4002314814814815 0.48216145833333335 0.011574074074074075 0.006510416666666667
0 0.4451388888888889 0.5087239583333333 0.0125 0.00546875
0 0.46643518518518523 0.5361979166666666 0.010648148148148148 0.005729166666666666
0 0.6662037037037037 0.4829427083333333 0.012037037037037037 0.005989583333333333
0 0.7372685185185186 0.5251302083333333 0.008796296296296297 0.005989583333333333
0 0.6423611111111112 0.719140625 0.011574074074074075 0.006510416666666667
0 0.4831018518518519 0.43971354166666665 0.0125 0.005989583333333333
0 0.38287037037037036 0.44817708333333334 0.008333333333333333 0.005208333333333333
0 0.37824074074074077 0.45677083333333335 0.009259259259259259 0.005208333333333333
0 0.6189814814814815 0.5233072916666667 0.015740740740740743 0.00546875
0 0.5717592592592593 0.5772135416666666 0.010185185185185186 0.006510416666666667
0 0.7127314814814815 0.793359375 0.013425925925925926 0.006510416666666667
0 0.6284722222222222 0.4395833333333333 0.009722222222222222 0.005729166666666666
0 0.5601851851851852 0.6037760416666667 0.012962962962962964 0.005989583333333333
0 0.5474537037037037 0.61953125 0.0125 0.00625
0 0.44745370370370374 0.6596354166666667 0.011574074074074075 0.005729166666666666
