0 0.4831018518518519 0.4407552083333333 0.014351851851851852 0.006510416666666667
0 0.44375000000000003 0.5092447916666667 0.015277777777777779 0.005989583333333333
0 0.6655092592592593 0.4837239583333333 0.010648148148148148 0.0049479166666666664
0 0.6814814814814815 0.49166666666666664 0.012037037037037037 0.00625
0 0.6284722222222222 0.44036458333333334 0.008796296296296297 0.005208333333333333
0 0.38310185185185186 0.4484375 0.009722222222222222 0.0067708333333333336
0 0.3784722222222222 0.4583333333333333 0.010648148148148148 0.0046875
0 0.3997685185185185 0.48359375 0.0125 0.005729166666666666
0 0.5745370370370371 0.5860677083333333 0.012037037037037037 0.005989583333333333
0 0.5724537037037037 0.5778645833333333 0.009722222222222222 0.00625
0 0.5469907407407407 0.569140625 0.008796296296296297 0.0049479166666666664
0 0.46597222222222223 0.5368489583333333 0.010648148148148148 0.005989583333333333
0 0.5120370370370371 0.5434895833333333 0.011111111111111112 0.005729166666666666
0 0.5467592592592593 0.6197916666666666 0.009259259259259259 0.005208333333333333
0 0.5516203703703704 0.63828125 0.0125 0.00625
0 0.4479166666666667 0.6686197916666666 0.008796296296296297 0.005989583333333333
0 0.4358796296296297 0.6875 0.009722222222222222 0.0046875
0 0.7125 0.7930989583333333 0.01388888888888889 0.006510416666666667
0 0.736574074074074 0.52578125 0.007407407407407408 0.0046875
0 0.5673611111111111 0.40520833333333334 0.010648148148148148 0.005208333333333333
0 0.5599537037037037 0.6041666666666666 0.013425925925925926 0.005729166666666666
0 0.4703703703703704 0.6510416666666666 0.009259259259259259 0.005729166666666666
