0 0.6229166666666667 0.28932291666666665 0.02361111111111111 0.013020833333333334
0 0.6101851851851852 0.3104166666666667 0.015740740740740743 0.0171875
0 0.606712962962963 0.373828125 0.018055555555555557 0.009635416666666667
0 0.6307870370370371 0.42148437499999997 0.022685185185185187 0.012760416666666666
0 0.59375 0.42604166666666665 0.014351851851851852 0.0140625
0 0.6194444444444445 0.512890625 0.02314814814814815 0.009635416666666667
0 0.5902777777777778 0.49361979166666664 0.016666666666666666 0.01640625
0 0.575462962962963 0.49374999999999997 0.015740740740740743 0.009375
0 0.27083333333333337 0.36080729166666664 0.017592592592592594 0.01484375
0 0.29212962962962963 0.3731770833333333 0.028703703703703703 0.010416666666666666
0 0.274537037037037 0.37838541666666664 0.019444444444444445 0.018229166666666668
0 0.2972222222222222 0.4869791666666667 0.020370370370370372 0.009895833333333333
0 0.2636574074074074 0.48333333333333334 0.01898148148148148 0.015625
0 0.281712962962963 0.494140625 0.022685185185185187 0.009114583333333334
