0 0.607175925925926 0.303125 0.02361111111111111 0.0125
0 0.5956018518518519 0.32369791666666664 0.015277777777777779 0.017708333333333333
0 0.5953703703703704 0.3860677083333333 0.019444444444444445 0.009114583333333334
0 0.6222222222222222 0.43268229166666666 0.024074074074074074 0.012239583333333333
0 0.5856481481481481 0.43710937499999997 0.015740740740740743 0.013802083333333333
0 0.6155092592592593 0.523046875 0.02361111111111111 0.01015625
0 0.5715277777777777 0.5049479166666666 0.016203703703703703 0.009375
0 0.5863425925925926 0.504296875 0.01712962962962963 0.01640625
0 0.26296296296296295 0.3790364583333333 0.017592592592592594 0.014322916666666666
0 0.2550925925925926 0.39296875 0.012962962962962964 0.013541666666666667
0 0.27708333333333335 0.4302083333333333 0.02638888888888889 0.008333333333333333
0 0.29467592592592595 0.5024739583333333 0.01990740740740741 0.009635416666666667
0 0.2798611111111111 0.509765625 0.02175925925925926 0.009114583333333334
0 0.2611111111111111 0.49908854166666666 0.019444444444444445 0.015885416666666666
0 0.2465277777777778 0.509765625 0.015277777777777779 0.01484375
