0 0.6006944444444444 0.29856770833333335 0.02175925925925926 0.012760416666666666
0 0.5900462962962963 0.3201822916666667 0.016203703703703703 0.01640625
0 0.5932870370370371 0.38307291666666665 0.01898148148148148 0.008854166666666666
0 0.5858796296296297 0.4341145833333333 0.014351851851851852 0.013541666666666667
0 0.6199074074074075 0.519921875 0.022222222222222223 0.011197916666666667
0 0.5733796296296296 0.5020833333333333 0.016203703703703703 0.009895833333333333
0 0.5898148148148148 0.501953125 0.016666666666666666 0.01640625
0 0.2967592592592593 0.504296875 0.019444444444444445 0.01015625
0 0.28240740740740744 0.5119791666666667 0.02314814814814815 0.008333333333333333
0 0.24861111111111112 0.5123697916666666 0.014814814814814815 0.01484375
0 0.27685185185185185 0.4317708333333333 0.026851851851851852 0.0078125
0 0.25949074074074074 0.38033854166666664 0.014351851851851852 0.01484375
