0 0.41967592592592595 0.425 0.022685185185185187 0.008333333333333333
0 0.5041666666666667 0.44765625 0.014814814814814815 0.0125
0 0.5261574074074075 0.4505208333333333 0.0125 0.011979166666666666
0 0.512962962962963 0.47994791666666664 0.02314814814814815 0.0078125
0 0.5550925925925926 0.4712239583333333 0.021296296296296296 0.007552083333333333
0 0.4388888888888889 0.43841145833333334 0.012962962962962964 0.00859375
0 0.43495370370370373 0.4654947916666667 0.013425925925925926 0.01015625
0 0.44837962962962963 0.465625 0.015277777777777779 0.0109375
0 0.4587962962962963 0.461328125 0.01388888888888889 0.012239583333333333
0 0.40717592592592594 0.47265625 0.01712962962962963 0.00625
0 0.24814814814814815 0.4595052083333333 0.012962962962962964 0.00859375
0 0.4356481481481482 0.5234375 0.012037037037037037 0.0125
0 0.6333333333333333 0.496875 0.017592592592592594 0.008333333333333333
0 0.5381944444444444 0.5079427083333333 0.014351851851851852 0.010677083333333334
0 0.5057870370370371 0.5149739583333334 0.025462962962962965 0.009114583333333334
0 0.5525462962962964 0.5322916666666666 0.0125 0.011979166666666666
0 0.5768518518518518 0.533203125 0.015740740740740743 0.011197916666666667
0 0.6050925925925926 0.530078125 0.017592592592592594 0.009114583333333334
0 0.5196759259259259 0.5626302083333333 0.013425925925925926 0.01171875
0 0.4951388888888889 0.5701822916666667 0.020833333333333336 0.01015625
0 0.5868055555555556 0.5813802083333334 0.020833333333333336 0.011197916666666667
0 0.6122685185185185 0.6670572916666666 0.024537037037037038 0.012239583333333333
0 0.6025462962962963 0.6807291666666666 0.01712962962962963 0.008333333333333333
0 0.4671296296296297 0.6975260416666667 0.024074074074074074 0.009114583333333334
0 0.47476851851851853 0.7294270833333333 0.01990740740740741 0.010416666666666666
0 0.49606481481481485 0.7354166666666666 0.02175925925925926 0.009895833333333333
0 0.44930555555555557 0.6453125 0.02361111111111111 0.009375
0 0.4201388888888889 0.6419270833333334 0.010648148148148148 0.0078125
0 0.4087962962962963 0.6498697916666667 0.015740740740740743 0.009114583333333334
0 0.37060185185185185 0.6243489583333334 0.029166666666666667 0.009635416666666667
0 0.33564814814814814 0.6505208333333333 0.028703703703703703 0.008854166666666666
0 0.3784722222222222 0.6834635416666667 0.013425925925925926 0.012239583333333333
0 0.34120370370370373 0.7372395833333333 0.02314814814814815 0.009895833333333333
0 0.5847222222222223 0.7561197916666667 0.016666666666666666 0.014322916666666666
0 0.5710648148148149 0.824609375 0.022685185185185187 0.012760416666666666
0 0.20787037037037037 0.4825520833333333 0.014814814814814815 0.010416666666666666
