0 0.41967592592592595 0.42552083333333335 0.02175925925925926 0.0078125
0 0.5263888888888889 0.45026041666666666 0.015740740740740743 0.0125
0 0.5039351851851852 0.44895833333333335 0.015277777777777779 0.011458333333333333
0 0.512962962962963 0.48020833333333335 0.02314814814814815 0.007291666666666667
0 0.5543981481481481 0.47161458333333334 0.01990740740740741 0.008854166666666666
0 0.6326388888888889 0.49765624999999997 0.01898148148148148 0.0078125
0 0.4340277777777778 0.46653645833333335 0.014351851851851852 0.010677083333333334
0 0.45949074074074076 0.46249999999999997 0.015277777777777779 0.011458333333333333
0 0.4481481481481482 0.4654947916666667 0.019444444444444445 0.010677083333333334
0 0.606712962962963 0.5302083333333333 0.01990740740740741 0.008333333333333333
0 0.5518518518518519 0.5325520833333334 0.012037037037037037 0.0125
0 0.575925925925926 0.5330729166666667 0.016666666666666666 0.011458333333333333
0 0.4928240740740741 0.5364583333333334 0.015277777777777779 0.011979166666666666
0 0.43449074074074073 0.5240885416666666 0.0125 0.011197916666666667
0 0.4949074074074074 0.5708333333333333 0.02314814814814815 0.0109375
0 0.51875 0.5630208333333333 0.014351851851851852 0.011458333333333333
0 0.587037037037037 0.5819010416666667 0.02314814814814815 0.01171875
0 0.5064814814814815 0.515625 0.02592592592592593 0.0078125
0 0.538425925925926 0.50859375 0.012962962962962964 0.010416666666666666
0 0.40717592592592594 0.47356770833333334 0.01990740740740741 0.00703125
0 0.41921296296296295 0.6428385416666667 0.011574074074074075 0.008072916666666666
0 0.3712962962962963 0.62578125 0.031481481481481485 0.010416666666666666
0 0.6025462962962963 0.68125 0.02175925925925926 0.009375
0 0.612037037037037 0.666796875 0.02592592592592593 0.012760416666666666
0 0.3784722222222222 0.6846354166666666 0.0125 0.0125
0 0.33564814814814814 0.651171875 0.02962962962962963 0.009635416666666667
0 0.4949074074074074 0.7360677083333333 0.022222222222222223 0.01015625
0 0.4738425925925926 0.7302083333333333 0.01898148148148148 0.011458333333333333
0 0.5831018518518519 0.756640625 0.016203703703703703 0.014322916666666666
0 0.3414351851851852 0.73828125 0.024537037037037038 0.010416666666666666
0 0.4689814814814815 0.6990885416666667 0.02777777777777778 0.009114583333333334
0 0.24814814814814815 0.459765625 0.016666666666666666 0.011197916666666667
0 0.20717592592592593 0.4829427083333333 0.01712962962962963 0.01015625
0 0.5733796296296296 0.8255208333333334 0.02361111111111111 0.0140625
