0 0.43449074074074073 0.525 0.0125 0.011458333333333333
0 0.49467592592592596 0.5375 0.015277777777777779 0.011979166666666666
0 0.5534722222222223 0.5345052083333334 0.014351851851851852 0.012239583333333333
0 0.576388888888889 0.5342447916666666 0.015740740740740743 0.012760416666666666
0 0.6337962962962963 0.4984375 0.017592592592592594 0.009375
0 0.5391203703703704 0.5098958333333333 0.013425925925925926 0.0109375
0 0.5064814814814815 0.516796875 0.02592592592592593 0.009635416666666667
0 0.5192129629629629 0.564453125 0.016203703703703703 0.011197916666666667
0 0.49467592592592596 0.5716145833333334 0.020833333333333336 0.0109375
0 0.5872685185185186 0.5838541666666667 0.022685185185185187 0.0109375
0 0.5136574074074074 0.4811197916666667 0.022685185185185187 0.008072916666666666
0 0.5564814814814815 0.47291666666666665 0.022222222222222223 0.008333333333333333
0 0.5261574074074075 0.4516927083333333 0.015277777777777779 0.012239583333333333
0 0.5043981481481482 0.4493489583333333 0.01712962962962963 0.009114583333333334
0 0.4599537037037037 0.46328125 0.013425925925925926 0.0109375
0 0.4342592592592593 0.46770833333333334 0.011111111111111112 0.009375
0 0.40694444444444444 0.4747395833333333 0.014814814814814815 0.0078125
0 0.42129629629629634 0.426953125 0.021296296296296296 0.00703125
0 0.4740740740740741 0.7317708333333334 0.018518518518518517 0.008854166666666666
0 0.4953703703703704 0.7373697916666666 0.019444444444444445 0.010677083333333334
0 0.6118055555555556 0.6680989583333333 0.025462962962962965 0.01171875
0 0.6041666666666667 0.6822916666666666 0.019444444444444445 0.008333333333333333
0 0.37800925925925927 0.685546875 0.0125 0.011197916666666667
0 0.44745370370370374 0.6467447916666667 0.016203703703703703 0.009114583333333334
0 0.4199074074074074 0.6442708333333333 0.012037037037037037 0.0078125
0 0.3354166666666667 0.6528645833333333 0.030092592592592594 0.008854166666666666
0 0.36921296296296297 0.626953125 0.031018518518518518 0.009635416666666667
0 0.3425925925925926 0.7395833333333334 0.022222222222222223 0.009375
0 0.4671296296296297 0.699609375 0.025 0.009635416666666667
0 0.5842592592592593 0.757421875 0.015740740740740743 0.013802083333333333
0 0.5719907407407407 0.8264322916666667 0.01990740740740741 0.012760416666666666
0 0.607638888888889 0.5321614583333333 0.01990740740740741 0.00859375
0 0.2474537037037037 0.4614583333333333 0.014351851851851852 0.0109375
0 0.20671296296296296 0.4845052083333333 0.015277777777777779 0.010677083333333334
0 0.4078703703703704 0.65234375 0.015740740740740743 0.008854166666666666
0 0.31851851851851853 0.6794270833333333 0.017592592592592594 0.009375
