0 0.7733796296296297 0.74375 0.024537037037037038 0.0140625
0 0.6599537037037038 0.51953125 0.01712962962962963 0.009375
0 0.7733796296296297 0.473046875 0.01990740740740741 0.009114583333333334
0 0.7965277777777778 0.5747395833333333 0.01990740740740741 0.011458333333333333
0 0.7837962962962963 0.930078125 0.018518518518518517 0.012760416666666666
0 0.32546296296296295 0.9498697916666666 0.024074074074074074 0.014322916666666666
0 0.28425925925925927 0.3829427083333333 0.016666666666666666 0.01171875
0 0.368287037037037 0.37109375 0.018055555555555557 0.011979166666666666
0 0.5226851851851853 0.6998697916666666 0.017592592592592594 0.011197916666666667
0 0.7907407407407407 0.5807291666666666 0.012962962962962964 0.009375
