0 0.7743055555555556 0.7451822916666666 0.02638888888888889 0.012760416666666666
0 0.7828703703703704 0.9305989583333333 0.020370370370370372 0.013802083333333333
0 0.32407407407407407 0.9498697916666666 0.02314814814814815 0.015364583333333333
0 0.6608796296296297 0.52109375 0.01712962962962963 0.009375
0 0.7958333333333334 0.5743489583333333 0.018518518518518517 0.011197916666666667
0 0.7736111111111111 0.4734375 0.020370370370370372 0.009375
0 0.3990740740740741 0.5813802083333334 0.022222222222222223 0.008072916666666666
0 0.2837962962962963 0.384375 0.017592592592592594 0.010416666666666666
0 0.3678240740740741 0.37278645833333335 0.018055555555555557 0.010677083333333334
0 0.5229166666666667 0.7016927083333333 0.01990740740740741 0.011197916666666667
0 0.7907407407407407 0.5822916666666667 0.012962962962962964 0.009375
