0 0.6638888888888889 0.5299479166666666 0.017592592592592594 0.010416666666666666
0 0.3990740740740741 0.5940104166666667 0.024074074074074074 0.008333333333333333
0 0.7960648148148148 0.5778645833333333 0.018055555555555557 0.011458333333333333
0 0.7914351851851852 0.5859375 0.014351851851851852 0.008333333333333333
0 0.7729166666666667 0.47408854166666664 0.01990740740740741 0.008072916666666666
0 0.6865740740740741 0.46953125 0.012962962962962964 0.008854166666666666
0 0.7143518518518519 0.4630208333333333 0.024074074074074074 0.0067708333333333336
0 0.5238425925925926 0.7088541666666667 0.022685185185185187 0.010416666666666666
0 0.7703703703703704 0.7609375 0.021296296296296296 0.015625
0 0.7833333333333333 0.9299479166666667 0.017592592592592594 0.0125
0 0.3247685185185185 0.949609375 0.022685185185185187 0.014322916666666666
0 0.2814814814814815 0.39765625 0.019444444444444445 0.0125
0 0.36736111111111114 0.38697916666666665 0.01898148148148148 0.0109375
0 0.2013888888888889 0.2774739583333333 0.019444444444444445 0.013802083333333333
