0 0.20069444444444445 0.27734375 0.01898148148148148 0.013020833333333334
0 0.26805555555555555 0.48072916666666665 0.021296296296296296 0.013020833333333334
0 0.36550925925925926 0.47226562499999997 0.016203703703703703 0.011197916666666667
0 0.6773148148148148 0.599609375 0.019444444444444445 0.011197916666666667
0 0.7245370370370371 0.530078125 0.02592592592592593 0.007552083333333333
0 0.7733796296296297 0.51015625 0.013425925925925926 0.010416666666666666
0 0.6972222222222223 0.5364583333333334 0.012037037037037037 0.008854166666666666
0 0.7997685185185186 0.605078125 0.01898148148148148 0.011197916666666667
0 0.8043981481481481 0.59609375 0.01990740740740741 0.013020833333333334
0 0.4840277777777778 0.5532552083333333 0.0060185185185185185 0.0049479166666666664
0 0.3944444444444445 0.6779947916666667 0.02314814814814815 0.008072916666666666
0 0.5347222222222222 0.7608072916666666 0.016666666666666666 0.009635416666666667
0 0.7706018518518519 0.80546875 0.025462962962962965 0.011979166666666666
0 0.7872685185185185 0.9397135416666667 0.022685185185185187 0.013802083333333333
0 0.3226851851851852 0.9601562499999999 0.026851851851851852 0.010416666666666666
