0 0.20023148148148148 0.2772135416666667 0.018055555555555557 0.014322916666666666
0 0.26319444444444445 0.49296875 0.022685185185185187 0.0109375
0 0.36736111111111114 0.484765625 0.018055555555555557 0.01171875
0 0.6995370370370371 0.5485677083333333 0.012037037037037037 0.009114583333333334
0 0.7261574074074074 0.5421875 0.02361111111111111 0.008854166666666666
0 0.7768518518518519 0.5190104166666667 0.01388888888888889 0.0109375
0 0.6777777777777778 0.6123697916666666 0.018518518518518517 0.011197916666666667
0 0.7939814814814815 0.6130208333333333 0.02314814814814815 0.009895833333333333
0 0.8041666666666667 0.604296875 0.014814814814814815 0.015885416666666666
0 0.39328703703703705 0.68984375 0.02175925925925926 0.0078125
0 0.5363425925925926 0.7688802083333334 0.01712962962962963 0.010677083333333334
0 0.7738425925925926 0.8131510416666666 0.022685185185185187 0.015885416666666666
0 0.7872685185185185 0.9444010416666666 0.022685185185185187 0.014322916666666666
0 0.3231481481481482 0.9639322916666666 0.02777777777777778 0.011197916666666667
0 0.4840277777777778 0.56484375 0.007870370370370371 0.005208333333333333
