0 0.3143518518518519 0.211328125 0.021296296296296296 0.008072916666666666
0 0.41782407407407407 0.3260416666666667 0.010648148148148148 0.0109375
0 0.24861111111111112 0.5475260416666666 0.025 0.00859375
0 0.3678240740740741 0.53828125 0.01898148148148148 0.008854166666666666
0 0.7918981481481482 0.5713541666666666 0.013425925925925926 0.0125
0 0.7388888888888889 0.5903645833333333 0.02777777777777778 0.008854166666666666
0 0.8032407407407408 0.6364583333333333 0.015740740740740743 0.015625
0 0.8037037037037037 0.65 0.015740740740740743 0.010416666666666666
0 0.687962962962963 0.6626302083333333 0.016666666666666666 0.010677083333333334
0 0.38333333333333336 0.7395833333333334 0.022222222222222223 0.009375
0 0.5416666666666667 0.8055989583333333 0.016666666666666666 0.010677083333333334
0 0.7787037037037038 0.8415364583333333 0.02314814814814815 0.01171875
0 0.7935185185185185 0.955078125 0.02592592592592593 0.011197916666666667
