0 0.22824074074074074 0.30026041666666664 0.018518518518518517 0.008854166666666666
0 0.20092592592592592 0.277734375 0.018518518518518517 0.01328125
0 0.5953703703703704 0.38619791666666664 0.014814814814814815 0.009375
0 0.4127314814814815 0.381640625 0.011574074074074075 0.011197916666666667
0 0.2923611111111111 0.3846354166666667 0.011574074074074075 0.008333333333333333
0 0.7949074074074074 0.578125 0.012037037037037037 0.0125
0 0.7446759259259259 0.613671875 0.029166666666666667 0.01015625
0 0.3685185185185185 0.562109375 0.015740740740740743 0.009114583333333334
0 0.24166666666666667 0.5708333333333333 0.022222222222222223 0.009895833333333333
0 0.8043981481481481 0.6388020833333333 0.015277777777777779 0.013020833333333334
0 0.8037037037037037 0.6514322916666666 0.015740740740740743 0.007552083333333333
0 0.6925925925925926 0.6865885416666666 0.018518518518518517 0.012239583333333333
0 0.38472222222222224 0.7598958333333333 0.02314814814814815 0.008854166666666666
0 0.5414351851851852 0.8201822916666667 0.018055555555555557 0.010677083333333334
0 0.7835648148148149 0.9927083333333333 0.02175925925925926 0.0140625
0 0.7810185185185186 0.8561197916666666 0.026851851851851852 0.014322916666666666
