0 0.5407407407407407 0.2921875 0.012037037037037037 0.009895833333333333
0 0.2101851851851852 0.32447916666666665 0.012962962962962964 0.009375
0 0.2868055555555556 0.42734374999999997 0.011574074074074075 0.010416666666666666
0 0.4134259259259259 0.43320312499999997 0.012037037037037037 0.012239583333333333
0 0.6050925925925926 0.428125 0.015740740740740743 0.008333333333333333
0 0.23912037037037037 0.586328125 0.020833333333333336 0.00859375
0 0.36736111111111114 0.581640625 0.015277777777777779 0.00859375
0 0.799537037037037 0.5830729166666666 0.012962962962962964 0.010416666666666666
0 0.7486111111111111 0.633984375 0.026851851851851852 0.010677083333333334
0 0.8064814814814815 0.64375 0.015740740740740743 0.014583333333333334
0 0.8104166666666667 0.6600260416666667 0.018055555555555557 0.012760416666666666
0 0.6965277777777779 0.7046875 0.018055555555555557 0.010416666666666666
0 0.38449074074074074 0.7752604166666667 0.02361111111111111 0.009375
0 0.5405092592592593 0.830859375 0.016203703703703703 0.011197916666666667
0 0.7810185185185186 0.8683593749999999 0.02962962962962963 0.01171875
