0 0.20046296296296298 0.2774739583333333 0.018518518518518517 0.01328125
0 0.2039351851851852 0.37083333333333335 0.01712962962962963 0.0078125
0 0.2763888888888889 0.36666666666666664 0.017592592592592594 0.0125
0 0.5608796296296297 0.40065104166666665 0.0125 0.01328125
0 0.2793981481481482 0.51015625 0.0125 0.011979166666666666
0 0.41087962962962965 0.5104166666666666 0.016203703703703703 0.009895833333333333
0 0.6175925925925926 0.5071614583333334 0.018518518518518517 0.00859375
0 0.8090277777777778 0.6200520833333333 0.016203703703703703 0.0078125
0 0.2275462962962963 0.6361979166666667 0.025462962962962965 0.009895833333333333
0 0.36064814814814816 0.638671875 0.018518518518518517 0.009635416666666667
0 0.7740740740740741 0.6803385416666666 0.016666666666666666 0.01640625
0 0.8194444444444445 0.681640625 0.016666666666666666 0.011197916666666667
0 0.8250000000000001 0.6915364583333333 0.02314814814814815 0.009114583333333334
0 0.7016203703703704 0.7419270833333333 0.016203703703703703 0.011979166666666666
0 0.5395833333333333 0.86171875 0.016203703703703703 0.0140625
0 0.7791666666666667 0.889453125 0.028703703703703703 0.01015625
0 0.3821759259259259 0.8125 0.024537037037037038 0.009895833333333333
