0 0.1988425925925926 0.27825520833333334 0.018055555555555557 0.01328125
0 0.2729166666666667 0.35182291666666665 0.01898148148148148 0.0067708333333333336
0 0.368287037037037 0.387109375 0.01898148148148148 0.01015625
0 0.5166666666666667 0.44479166666666664 0.010185185185185186 0.007291666666666667
0 0.587962962962963 0.5446614583333333 0.016666666666666666 0.011197916666666667
0 0.2238425925925926 0.547265625 0.015277777777777779 0.01328125
0 0.21226851851851852 0.553515625 0.013425925925925926 0.009114583333333334
0 0.6525462962962963 0.6365885416666667 0.014351851851851852 0.008072916666666666
0 0.2652777777777778 0.625390625 0.012962962962962964 0.012239583333333333
0 0.2076388888888889 0.7286458333333333 0.03287037037037037 0.0109375
0 0.3550925925925926 0.7424479166666667 0.019444444444444445 0.009895833333333333
0 0.8557870370370371 0.7423177083333333 0.025462962962962965 0.01328125
0 0.7960648148148148 0.776171875 0.016203703703703703 0.017447916666666667
0 0.7604166666666667 0.7861979166666666 0.013425925925925926 0.0140625
0 0.9131944444444445 0.78671875 0.016203703703703703 0.013541666666666667
0 0.7099537037037037 0.8361979166666667 0.014351851851851852 0.0109375
0 0.5418981481481482 0.9354166666666667 0.015277777777777779 0.0140625
