0 0.3282407407407408 0.4225260416666667 0.014814814814814815 0.01015625
0 0.37430555555555556 0.4361979166666667 0.01712962962962963 0.009895833333333333
0 0.22592592592592595 0.4673177083333333 0.016666666666666666 0.00703125
0 0.7625000000000001 0.4666666666666667 0.022222222222222223 0.0078125
0 0.35000000000000003 0.4884114583333333 0.02777777777777778 0.007552083333333333
0 0.20532407407407408 0.623828125 0.016203703703703703 0.011197916666666667
0 0.1902777777777778 0.637890625 0.014814814814814815 0.014322916666666666
0 0.5972222222222222 0.6209635416666667 0.016666666666666666 0.01328125
0 0.6664351851851852 0.7130208333333333 0.015277777777777779 0.011979166666666666
0 0.41435185185185186 0.6963541666666666 0.01388888888888889 0.009375
0 0.250462962962963 0.695703125 0.012962962962962964 0.013802083333333333
0 0.1953703703703704 0.7893229166666667 0.02962962962962963 0.011979166666666666
0 0.3488425925925926 0.80234375 0.01712962962962963 0.0109375
0 0.8710648148148149 0.7510416666666666 0.030092592592592594 0.010416666666666666
0 0.8148148148148149 0.8377604166666667 0.020370370370370372 0.01875
0 0.769212962962963 0.845703125 0.014351851851851852 0.014322916666666666
0 0.7199074074074074 0.89609375 0.017592592592592594 0.015104166666666667
0 0.51875 0.8501302083333333 0.013425925925925926 0.007552083333333333
0 0.3784722222222222 0.9622395833333334 0.014351851851851852 0.015104166666666667
