0 0.19814814814814816 0.2786458333333333 0.017592592592592594 0.0140625
0 0.31875000000000003 0.5053385416666667 0.01898148148148148 0.01015625
0 0.20115740740740742 0.53671875 0.024537037037037038 0.007291666666666667
0 0.3800925925925926 0.5182291666666666 0.020370370370370372 0.008854166666666666
0 0.7837962962962963 0.53046875 0.02592592592592593 0.009375
0 0.5428240740740741 0.5932291666666667 0.015277777777777779 0.0078125
0 0.1886574074074074 0.6852864583333333 0.01990740740740741 0.01171875
0 0.18055555555555555 0.6985677083333334 0.015740740740740743 0.013802083333333333
0 0.6069444444444445 0.6841145833333333 0.015740740740740743 0.011979166666666666
0 0.6819444444444445 0.7748697916666667 0.012962962962962964 0.01328125
0 0.4136574074074074 0.751953125 0.015277777777777779 0.01015625
0 0.24351851851851852 0.7510416666666666 0.012037037037037037 0.011979166666666666
0 0.1849537037037037 0.840625 0.027314814814814816 0.014583333333333334
0 0.34953703703703703 0.8569010416666667 0.019444444444444445 0.01328125
0 0.8256944444444445 0.884375 0.01898148148148148 0.0171875
0 0.7868055555555555 0.9134114583333334 0.014351851851851852 0.010677083333333334
0 0.5210648148148148 0.9053385416666666 0.011574074074074075 0.00859375
0 0.7185185185185186 0.9770833333333333 0.021296296296296296 0.011979166666666666
0 0.3474537037037037 0.5591145833333333 0.024537037037037038 0.008854166666666666
