0 0.19699074074074074 0.2805989583333333 0.01712962962962963 0.01171875
0 0.2576388888888889 0.4166666666666667 0.013425925925925926 0.0125
0 0.2300925925925926 0.454296875 0.012037037037037037 0.010677083333333334
0 0.3092592592592593 0.573046875 0.020370370370370372 0.010677083333333334
0 0.3800925925925926 0.5842447916666667 0.015740740740740743 0.009635416666666667
0 0.5481481481481482 0.6532552083333333 0.012962962962962964 0.009635416666666667
0 0.3416666666666667 0.62421875 0.02592592592592593 0.008854166666666666
0 0.17430555555555557 0.7434895833333334 0.028240740740740743 0.013541666666666667
0 0.17453703703703705 0.7651041666666667 0.024074074074074074 0.009375
0 0.6166666666666667 0.74375 0.017592592592592594 0.009895833333333333
0 0.6891203703703704 0.8328125 0.013425925925925926 0.0140625
0 0.4118055555555556 0.808203125 0.016203703703703703 0.009635416666666667
0 0.17708333333333334 0.8940104166666667 0.025462962962962965 0.0171875
0 0.34814814814814815 0.9182291666666667 0.024074074074074074 0.016666666666666666
0 0.9178240740740741 0.8734375 0.018055555555555557 0.01875
0 0.16921296296296298 0.6049479166666667 0.016203703703703703 0.0140625
