0 0.19675925925925927 0.28098958333333335 0.016666666666666666 0.013541666666666667
0 0.706712962962963 0.32721354166666666 0.011574074074074075 0.011197916666666667
0 0.24814814814814815 0.5205729166666666 0.026851851851851852 0.0078125
0 0.2136574074074074 0.5475260416666666 0.015277777777777779 0.010677083333333334
0 0.29050925925925924 0.669140625 0.01990740740740741 0.009635416666666667
0 0.36597222222222225 0.669921875 0.016203703703703703 0.009635416666666667
0 0.33564814814814814 0.7046875 0.02777777777777778 0.008333333333333333
0 0.625 0.8231770833333333 0.017592592592592594 0.0109375
0 0.4361111111111111 0.7860677083333333 0.021296296296296296 0.00859375
0 0.15694444444444444 0.8214843749999999 0.02962962962962963 0.014322916666666666
0 0.16527777777777777 0.8424479166666666 0.02962962962962963 0.0109375
0 0.4099537037037037 0.8829427083333333 0.015277777777777779 0.013802083333333333
0 0.2377314814814815 0.89609375 0.018055555555555557 0.0125
0 0.7020833333333334 0.9151041666666666 0.016203703703703703 0.015625
0 0.9185185185185185 0.875 0.018518518518518517 0.019791666666666666
