0 0.6129629629629629 0.30963541666666666 0.016666666666666666 0.007291666666666667
0 0.7331018518518518 0.4473958333333333 0.022685185185185187 0.00625
0 0.23472222222222222 0.5904947916666666 0.026851851851851852 0.008072916666666666
0 0.20115740740740742 0.6147135416666667 0.014351851851851852 0.011197916666666667
0 0.2849537037037037 0.7328125 0.028240740740740743 0.009375
0 0.36226851851851855 0.73671875 0.016203703703703703 0.009375
0 0.33263888888888893 0.7665364583333333 0.025462962962962965 0.01015625
0 0.0863425925925926 0.7838541666666666 0.01712962962962963 0.019791666666666666
0 0.14351851851851852 0.875390625 0.021296296296296296 0.02005208333333333
0 0.16296296296296298 0.9078125 0.019444444444444445 0.011979166666666666
0 0.43449074074074073 0.8470052083333334 0.022685185185185187 0.01015625
0 0.6340277777777779 0.8950520833333333 0.01898148148148148 0.011979166666666666
0 0.920138888888889 0.8759114583333333 0.016203703703703703 0.016927083333333332
0 0.9622685185185186 0.8859374999999999 0.014351851851851852 0.011979166666666666
