0 0.7319444444444445 0.3151041666666667 0.012037037037037037 0.0067708333333333336
0 0.64375 0.41901041666666666 0.01712962962962963 0.008854166666666666
0 0.250462962962963 0.4688802083333333 0.014814814814814815 0.007552083333333333
0 0.7462962962962963 0.5278645833333333 0.02592592592592593 0.0078125
0 0.21967592592592594 0.664453125 0.02638888888888889 0.009114583333333334
0 0.1826388888888889 0.683203125 0.014351851851851852 0.012760416666666666
0 0.28240740740740744 0.79609375 0.028703703703703703 0.009895833333333333
0 0.36574074074074076 0.8040364583333334 0.019444444444444445 0.010677083333333334
0 0.33240740740740743 0.8322916666666667 0.02592592592592593 0.009375
0 0.9212962962962963 0.8761718749999999 0.018518518518518517 0.020572916666666666
0 0.5689814814814815 0.874609375 0.012962962962962964 0.00859375
0 0.43171296296296297 0.9171874999999999 0.024537037037037038 0.011458333333333333
