0 0.7548611111111111 0.3776041666666667 0.011574074074074075 0.007291666666666667
0 0.49375 0.42356770833333335 0.01990740740740741 0.007552083333333333
0 0.33425925925925926 0.51484375 0.022222222222222223 0.0078125
0 0.2300925925925926 0.5390625 0.020370370370370372 0.0067708333333333336
0 0.24722222222222223 0.5600260416666667 0.020370370370370372 0.00703125
0 0.6569444444444444 0.494140625 0.019444444444444445 0.007552083333333333
0 0.7546296296296297 0.5920572916666667 0.025 0.00703125
0 0.20578703703703705 0.7205729166666667 0.027314814814814816 0.009895833333333333
0 0.16712962962962963 0.7401041666666667 0.018518518518518517 0.013020833333333334
0 0.3509259259259259 0.7328125 0.016666666666666666 0.010416666666666666
0 0.28032407407407406 0.8490885416666667 0.029166666666666667 0.009635416666666667
0 0.3652777777777778 0.858984375 0.02314814814814815 0.010677083333333334
0 0.9212962962962963 0.8768229166666667 0.018518518518518517 0.018229166666666668
0 0.5824074074074075 0.934375 0.01388888888888889 0.0125
0 0.3303240740740741 0.886328125 0.027314814814814816 0.010677083333333334
