0 0.3601851851851852 0.4127604166666667 0.020370370370370372 0.013020833333333334
0 0.7553240740740741 0.4095052083333333 0.010648148148148148 0.01015625
0 0.49930555555555556 0.4700520833333333 0.022685185185185187 0.0078125
0 0.3210648148148148 0.5528645833333333 0.015277777777777779 0.013020833333333334
0 0.22106481481481483 0.5759114583333333 0.020833333333333336 0.007552083333333333
0 0.24328703703703705 0.5947916666666666 0.020833333333333336 0.008333333333333333
0 0.6613425925925926 0.5333333333333333 0.020833333333333336 0.007291666666666667
0 0.7622685185185185 0.62578125 0.02175925925925926 0.008333333333333333
0 0.20324074074074075 0.7510416666666666 0.026851851851851852 0.009895833333333333
0 0.1638888888888889 0.76953125 0.016666666666666666 0.0125
0 0.9226851851851853 0.8768229166666667 0.022222222222222223 0.019791666666666666
0 0.2789351851851852 0.8815104166666666 0.025462962962962965 0.011458333333333333
0 0.36597222222222225 0.8923177083333333 0.025462962962962965 0.015885416666666666
0 0.33101851851851855 0.9192708333333334 0.028703703703703703 0.013020833333333334
