0 0.3715277777777778 0.4575520833333333 0.01712962962962963 0.0140625
0 0.5025462962962963 0.4981770833333333 0.022685185185185187 0.007291666666666667
0 0.7585648148148149 0.4348958333333333 0.011574074074074075 0.007291666666666667
0 0.3178240740740741 0.5794270833333334 0.013425925925925926 0.013541666666666667
0 0.21550925925925926 0.60078125 0.020833333333333336 0.0078125
0 0.23958333333333334 0.6203125 0.02175925925925926 0.008333333333333333
0 0.6689814814814815 0.559375 0.020370370370370372 0.00625
0 0.7689814814814815 0.649609375 0.022222222222222223 0.008072916666666666
0 0.19837962962962963 0.7756510416666667 0.027314814814814816 0.01015625
0 0.1599537037037037 0.7944010416666667 0.01712962962962963 0.01171875
0 0.2791666666666667 0.9049479166666666 0.026851851851851852 0.009895833333333333
0 0.3650462962962963 0.9161458333333333 0.02361111111111111 0.016666666666666666
0 0.9229166666666667 0.877734375 0.01990740740740741 0.01640625
0 0.9613425925925926 0.8859374999999999 0.01712962962962963 0.0125
0 0.3340277777777778 0.9471354166666667 0.029166666666666667 0.015625
