0 0.51875 0.4122596153846154 0.028525641025641025 0.01201923076923077
0 0.47612179487179485 0.31478365384615387 0.021474358974358974 0.023317307692307693
0 0.5915064102564103 0.3640625 0.01955128205128205 0.016105769230769233
0 0.43798076923076923 0.8058894230769231 0.01955128205128205 0.013701923076923077
0 0.44310897435897434 0.7893028846153847 0.01826923076923077 0.012740384615384615
0 0.4658653846153846 0.6236778846153846 0.023397435897435898 0.012740384615384615
0 0.27307692307692305 0.606610576923077 0.028205128205128206 0.013221153846153848
0 0.5985576923076923 0.6707932692307693 0.027243589743589744 0.014663461538461538
0 0.4355769230769231 0.7155048076923077 0.03141025641025641 0.01418269230769231
0 0.5769230769230769 0.2266826923076923 0.01217948717948718 0.010576923076923078
0 0.6201923076923077 0.5277644230769231 0.021794871794871794 0.012740384615384615
