0 0.477724358974359 0.42235576923076923 0.022115384615384617 0.021634615384615384
0 0.305448717948718 0.3513221153846154 0.019230769230769232 0.012740384615384615
0 0.37051282051282053 0.25516826923076924 0.01730769230769231 0.013701923076923077
0 0.4360576923076923 0.22560096153846154 0.01891025641025641 0.01658653846153846
0 0.5118589743589743 0.5069711538461539 0.027564102564102563 0.0125
0 0.48173076923076924 0.48605769230769236 0.020512820512820513 0.011538461538461539
0 0.6971153846153846 0.5054086538461539 0.01730769230769231 0.018028846153846156
0 0.5907051282051282 0.4622596153846154 0.017948717948717947 0.014903846153846155
0 0.4200320512820513 0.8055288461538462 0.02532051282051282 0.01730769230769231
0 0.586698717948718 0.7474759615384616 0.023397435897435898 0.015625
0 0.2564102564102564 0.6901442307692308 0.028205128205128206 0.015865384615384615
0 0.45368589743589743 0.7108173076923078 0.022115384615384617 0.0125
0 0.42900641025641023 0.7492788461538462 0.016987179487179486 0.011057692307692308
0 0.413301282051282 0.75 0.017628205128205128 0.013461538461538462
0 0.26137820512820514 0.18365384615384617 0.01826923076923077 0.0125
0 0.40576923076923077 0.04855769230769231 0.032692307692307694 0.013942307692307693
