0 0.27307692307692305 0.23209134615384616 0.01987179487179487 0.013701923076923077
0 0.2791666666666667 0.19399038461538462 0.014743589743589743 0.0125
0 0.37115384615384617 0.30144230769230773 0.029487179487179487 0.010096153846153847
0 0.2708333333333333 0.3395432692307693 0.017948717948717947 0.012259615384615386
0 0.2378205128205128 0.3868990384615385 0.016025641025641024 0.019471153846153846
0 0.422275641025641 0.4349759615384616 0.016346153846153847 0.014663461538461538
0 0.34791666666666665 0.45216346153846154 0.01891025641025641 0.012980769230769231
0 0.44759615384615387 0.39795673076923077 0.015064102564102564 0.013701923076923077
0 0.5548076923076923 0.4165865384615385 0.014743589743589743 0.011057692307692308
0 0.4549679487179487 0.5996394230769231 0.023397435897435898 0.019471153846153846
0 0.26778846153846153 0.5265625 0.021474358974358974 0.01658653846153846
0 0.48846153846153845 0.6810096153846155 0.027564102564102563 0.013942307692307693
0 0.764102564102564 0.6545673076923078 0.016666666666666666 0.015865384615384615
0 0.6197115384615385 0.625 0.01891025641025641 0.015865384615384615
0 0.6958333333333333 0.36923076923076925 0.014743589743589743 0.0125
0 0.5879807692307693 0.7736778846153847 0.023397435897435898 0.016105769230769233
