0 0.4251602564102564 0.7989182692307693 0.028525641025641025 0.021875000000000002
0 0.3176282051282051 0.6501201923076924 0.021794871794871794 0.012740384615384615
0 0.23669871794871794 0.5503605769230769 0.014423076923076924 0.018028846153846156
0 0.3455128205128205 0.5209134615384615 0.023076923076923078 0.013461538461538462
0 0.22435897435897437 0.4567307692307693 0.023717948717948717 0.013942307692307693
0 0.777724358974359 0.43341346153846155 0.013782051282051282 0.014423076923076924
0 0.23525641025641025 0.42355769230769236 0.01730769230769231 0.013942307692307693
0 0.5918269230769231 0.8116586538461539 0.027884615384615386 0.018028846153846156
0 0.7307692307692307 0.48161057692307696 0.017948717948717947 0.011298076923076925
0 0.40512820512820513 0.49555288461538466 0.01730769230769231 0.012740384615384615
0 0.8328525641025641 0.6443509615384616 0.011858974358974358 0.010817307692307692
0 0.42259615384615384 0.6068509615384615 0.015705128205128205 0.012259615384615386
0 0.5564102564102564 0.7211538461538461 0.011538461538461539 0.010576923076923078
0 0.39278846153846153 0.6377403846153846 0.01891025641025641 0.01682692307692308
