0 0.19980468750000002 0.42291666666666666 0.033203125 0.042708333333333334
0 0.2619140625 0.53125 0.024609375000000003 0.034375
2 0.36347656250000004 0.840625 0.032421875 0.04583333333333333
1 0.5095703125000001 0.8653645833333333 0.018359375 0.0265625
1 0.553125 0.8768229166666667 0.01640625 0.0265625
0 0.615234375 0.74453125 0.02109375 0.0265625
0 0.63203125 0.6697916666666667 0.0171875 0.025
2 0.6287109375000001 0.4981770833333333 0.032421875 0.033854166666666664
2 0.5439453125 0.4283854166666667 0.029296875 0.027604166666666666
1 0.7712890625000001 0.09244791666666667 0.015234375000000001 0.0203125
