c:\Users\crodriguez\Documents\GitHub\keras-yolo3/model_data/data/data_train/10.jpg 1498,2333,1520,2353,0 1431,3433,1457,3457,0 468,2836,498,2872,0
c:\Users\crodriguez\Documents\GitHub\keras-yolo3/model_data/data/data_train/100.jpg 1227,2389,1315,2458,0 2169,2415,2239,2461,0 619,1635,671,1702,0 1431,1702,1508,1744,0 2271,1695,2324,1773,0 2050,1303,2118,1350,0 2000,3240,2055,3300,0 2050,2876,2107,2934,0 1721,2961,1763,3012,0 1458,788,1536,848,0 2758,2553,2823,2631,0 958,2193,1018,2261,0
c:\Users\crodriguez\Documents\GitHub\keras-yolo3/model_data/data/data_train/101.jpg 1143,3370,1221,3461,0 1358,2678,1426,2729,0 2105,3258,2178,3316,0 1427,1942,1508,1996,0 869,3113,931,3193,0 1261,2716,1316,2771,0
c:\Users\crodriguez\Documents\GitHub\keras-yolo3/model_data/data/data_train/102.jpg 571,2099,669,2159,0
c:\Users\crodriguez\Documents\GitHub\keras-yolo3/model_data/data/data_train/103.jpg 1482,1836,1545,1897,0 2042,1900,2092,1967,0 1625,2099,1655,2132,0
c:\Users\crodriguez\Documents\GitHub\keras-yolo3/model_data/data/data_train/104.jpg 1416,2759,1483,2815,0 790,1938,851,2003,0 693,1597,743,1663,0
c:\Users\crodriguez\Documents\GitHub\keras-yolo3/model_data/data/data_train/105.jpg 1008,804,1067,883,0 731,2337,810,2408,0 1371,3184,1431,3250,0 1410,2888,1465,2932,0 2436,2682,2484,2733,0 1917,3336,1995,3381,0
c:\Users\crodriguez\Documents\GitHub\keras-yolo3/model_data/data/data_train/106.jpg 923,1583,985,1647,0 1991,1697,2059,1767,0 2259,1599,2310,1648,0 1862,2180,1910,2229,0 1047,1144,1089,1194,0 1793,2910,1858,2977,0 1434,2472,1478,2520,0 182,1955,248,2002,0 1678,1926,1715,1961,0 2396,3266,2457,3311,0 2418,2962,2457,3005,0
c:\Users\crodriguez\Documents\GitHub\keras-yolo3/model_data/data/data_train/107.jpg 2256,2754,2307,2814,0 1937,2895,2011,2962,0 1759,3327,1808,3374,0 801,2722,869,2786,0 931,2354,980,2407,0 1641,2315,1686,2366,0 631,1988,673,2048,0 1201,999,1251,1052,0 680,3274,720,3313,0 2143,2381,2192,2420,0 1781,2180,1839,2225,0 632,2758,687,2811,0 1876,1369,1929,1415,0 744,2673,788,2717,0
c:\Users\crodriguez\Documents\GitHub\keras-yolo3/model_data/data/data_train/108.jpg 2278,3721,2384,3787,0 1903,2661,1944,2691,0
c:\Users\crodriguez\Documents\GitHub\keras-yolo3/model_data/data/data_train/109.jpg 1224,1631,1282,1686,0 1226,2889,1255,2922,0
c:\Users\crodriguez\Documents\GitHub\keras-yolo3/model_data/data/data_train/11.jpg 1520,2541,1543,2563,0
c:\Users\crodriguez\Documents\GitHub\keras-yolo3/model_data/data/data_train/111.jpg 1170,2627,1226,2675,0 2210,2940,2264,3013,0 1587,2422,1621,2451,0
c:\Users\crodriguez\Documents\GitHub\keras-yolo3/model_data/data/data_train/112.jpg 1142,2952,1195,3007,0 2199,3191,2263,3246,0 1564,2774,1602,2805,0
c:\Users\crodriguez\Documents\GitHub\keras-yolo3/model_data/data/data_train/113.jpg 2252,3556,2308,3610,0 396,2473,445,2520,0
c:\Users\crodriguez\Documents\GitHub\keras-yolo3/model_data/data/data_train/114.jpg 1109,662,1156,728,0
c:\Users\crodriguez\Documents\GitHub\keras-yolo3/model_data/data/data_train/115.jpg 1041,1611,1092,1673,0 1165,350,1227,424,0
c:\Users\crodriguez\Documents\GitHub\keras-yolo3/model_data/data/data_train/116.jpg 1110,934,1172,993,0 1007,2027,1054,2091,0
c:\Users\crodriguez\Documents\GitHub\keras-yolo3/model_data/data/data_train/117.jpg 1554,3685,1610,3790,0 1986,3928,2048,3978,0
c:\Users\crodriguez\Documents\GitHub\keras-yolo3/model_data/data/data_train/118.jpg 1543,3791,1612,3877,0 1305,3560,1350,3608,0 1917,2727,1960,2765,0 1032,3594,1082,3636,0
c:\Users\crodriguez\Documents\GitHub\keras-yolo3/model_data/data/data_train/12.jpg 1538,2823,1562,2846,0
c:\Users\crodriguez\Documents\GitHub\keras-yolo3/model_data/data/data_train/120.jpg 751,2408,823,2482,0 1027,3911,1070,3953,0 1327,3526,1377,3625,0
c:\Users\crodriguez\Documents\GitHub\keras-yolo3/model_data/data/data_train/121.jpg 1301,3799,1363,3863,0 1003,4052,1044,4097,0 1348,2950,1414,3001,0 746,2533,822,2586,0 1560,1689,1603,1717,0
c:\Users\crodriguez\Documents\GitHub\keras-yolo3/model_data/data/data_train/122.jpg 1305,3903,1359,3963,0 735,2633,816,2695,0 1352,3065,1417,3109,0 1901,3891,1948,3946,0 1466,1518,1502,1565,0 1307,1502,1351,1542,0
c:\Users\crodriguez\Documents\GitHub\keras-yolo3/model_data/data/data_train/123.jpg 1764,3523,1824,3613,0 1166,3212,1204,3262,0 721,3001,802,3059,0 1407,2277,1464,2351,0 1853,1261,1912,1305,0 1513,1946,1557,1983,0 1265,2162,1309,2199,0 2311,2459,2352,2507,0
c:\Users\crodriguez\Documents\GitHub\keras-yolo3/model_data/data/data_train/124.jpg 1403,2420,1463,2496,0 1762,3652,1828,3740,0 1840,1508,1882,1556,0 2158,1475,2196,1517,0 631,1380,675,1445,0 1430,1493,1468,1537,0 711,3130,795,3180,0 2325,2596,2369,2653,0 1262,2302,1307,2346,0
c:\Users\crodriguez\Documents\GitHub\keras-yolo3/model_data/data/data_train/125.jpg 704,3241,785,3292,0 1769,3776,1827,3862,0 2346,2741,2392,2797,0 1399,2559,1462,2636,0 1258,2429,1309,2484,0 1813,1688,1842,1724,0
c:\Users\crodriguez\Documents\GitHub\keras-yolo3/model_data/data/data_train/126.jpg 840,1583,885,1650,0 607,1675,653,1726,0 1615,2743,1643,2784,0 1246,2904,1300,2944,0 1418,3063,1480,3151,0 2395,3173,2448,3237,0 695,3595,773,3659,0 1108,3907,1157,3950,0 588,2078,635,2129,0 2261,1120,2328,1169,0 1976,1687,2028,1729,0
c:\Users\crodriguez\Documents\GitHub\keras-yolo3/model_data/data/data_train/127.jpg 1978,2840,2020,2888,0 2085,2829,2137,2882,0 2243,2848,2282,2883,0 2210,1893,2256,1955,0 1896,2016,1932,2059,0 2472,2315,2543,2362,0 694,1945,755,2005,0 1769,2259,1821,2309,0 2340,1043,2389,1101,0
c:\Users\crodriguez\Documents\GitHub\keras-yolo3/model_data/data/data_train/128.jpg 665,2143,733,2209,0 778,1905,839,1963,0 1924,2225,1961,2270,0 2245,2100,2292,2165,0 1779,2559,1840,2601,0 1564,1585,1613,1647,0 1744,1486,1802,1535,0 1033,1372,1076,1451,0 1983,3058,2025,3110,0 2095,3026,2149,3078,0 1989,3530,2049,3606,0 729,2889,777,2941,0 2471,3450,2527,3503,0 1041,861,1082,897,0
c:\Users\crodriguez\Documents\GitHub\keras-yolo3/model_data/data/data_train/129.jpg 1601,2316,1664,2361,0 1024,1631,1083,1672,0 2123,2699,2185,2755,0 1978,2899,2021,2945,0 2342,2755,2389,2823,0 988,2077,1037,2142,0 1834,3315,1907,3364,0 1997,3709,2042,3772,0 556,2766,624,2823,0 718,2504,782,2569,0 642,1474,707,1515,0 794,842,851,885,0 685,875,729,915,0 689,789,731,836,0 2059,1945,2110,2007,0 801,1999,851,2045,0 734,1731,782,1778,0
c:\Users\crodriguez\Documents\GitHub\keras-yolo3/model_data/data/data_train/130.jpg 2404,2677,2475,2733,0 2159,2888,2217,2940,0 2303,3010,2344,3053,0 1603,3245,1661,3300,0 2144,3521,2213,3595,0 875,2968,927,3033,0 623,3355,686,3424,0 719,2286,763,2338,0 639,2607,701,2654,0 643,1825,678,1872,0 698,1751,743,1795,0 714,1449,751,1483,0 2000,3817,2051,3879,0 1635,3416,1685,3459,0 1134,3411,1180,3458,0
c:\Users\crodriguez\Documents\GitHub\keras-yolo3/model_data/data/data_train/131.jpg 1661,1193,1718,1274,0 926,2951,989,3016,0 590,3000,652,3061,0 677,2691,722,2739,0 828,3394,885,3463,0 1594,3711,1645,3806,0 2160,3298,2229,3346,0 1998,1940,2038,1980,0 1880,1627,1935,1674,0 1796,1301,1847,1341,0 633,2218,692,2264,0 625,2171,675,2222,0 590,2146,621,2183,0 676,1859,725,1897,0 1099,3891,1148,3965,0
c:\Users\crodriguez\Documents\GitHub\keras-yolo3/model_data/data/data_train/133.jpg 1597,2521,1662,2610,0 1728,3088,1804,3132,0 2350,2318,2404,2390,0 615,3071,683,3133,0 1195,2208,1251,2244,0 1666,1330,1700,1390,0
c:\Users\crodriguez\Documents\GitHub\keras-yolo3/model_data/data/data_train/134.jpg 1708,3633,1767,3693,0 2399,2820,2454,2890,0 793,1373,835,1418,0 1237,1768,1279,1805,0 667,1892,713,1941,0 1580,3138,1657,3239,0
c:\Users\crodriguez\Documents\GitHub\keras-yolo3/model_data/data/data_train/135.jpg 2428,3151,2485,3223,0 720,2496,763,2545,0 1184,2871,1228,2943,0 1227,2192,1260,2230,0 1522,2345,1541,2373,0
c:\Users\crodriguez\Documents\GitHub\keras-yolo3/model_data/data/data_train/136.jpg 1667,1422,1702,1450,0 1856,1485,1895,1535,0 796,1608,843,1653,0 1200,2692,1233,2735,0 2463,3487,2524,3557,0 1514,2849,1536,2881,0
c:\Users\crodriguez\Documents\GitHub\keras-yolo3/model_data/data/data_train/137.jpg 1946,1944,1995,2015,0 2366,1857,2401,1905,0 1424,929,1507,975,0 1153,3743,1189,3786,0 2154,2361,2197,2398,0 1897,2145,1940,2191,0 1965,2700,2007,2755,0 723,2626,759,2664,0
c:\Users\crodriguez\Documents\GitHub\keras-yolo3/model_data/data/data_train/138.jpg 2035,2992,2094,3061,0 2487,2830,2545,2893,0
c:\Users\crodriguez\Documents\GitHub\keras-yolo3/model_data/data/data_train/139.jpg 1523,2521,1573,2588,0 1685,2823,1736,2895,0 1799,2464,1840,2528,0
c:\Users\crodriguez\Documents\GitHub\keras-yolo3/model_data/data/data_train/14.jpg 570,3542,600,3569,0 1642,2895,1662,2911,0
c:\Users\crodriguez\Documents\GitHub\keras-yolo3/model_data/data/data_train/140.jpg 1527,2759,1579,2837,0 1795,2783,1846,2865,0 1689,3071,1735,3143,0 1864,1960,1921,2042,0
c:\Users\crodriguez\Documents\GitHub\keras-yolo3/model_data/data/data_train/141.jpg 1875,2224,1935,2294,0 1946,2036,2008,2083,0 1528,3015,1582,3090,0 1926,2665,1971,2708,0
c:\Users\crodriguez\Documents\GitHub\keras-yolo3/model_data/data/data_train/142.jpg 1977,2661,2043,2707,0 2209,2299,2251,2350,0 1945,3080,1983,3124,0 1093,2353,1139,2403,0 649,2246,687,2305,0 1524,3444,1582,3524,0 2402,3519,2452,3571,0
c:\Users\crodriguez\Documents\GitHub\keras-yolo3/model_data/data/data_train/143.jpg 1568,2417,1621,2483,0 1078,2826,1128,2890,0 607,2682,663,2743,0
c:\Users\crodriguez\Documents\GitHub\keras-yolo3/model_data/data/data_train/144.jpg 913,2500,968,2596,0 1576,2680,1630,2737,0 2239,3469,2332,3529,0 2011,3385,2079,3435,0 1889,3376,1935,3455,0 2167,2497,2201,2551,0
c:\Users\crodriguez\Documents\GitHub\keras-yolo3/model_data/data/data_train/146.jpg 999,3015,1067,3085,0 1933,3944,2014,4010,0 2208,3018,2246,3076,0 1250,2507,1288,2557,0
c:\Users\crodriguez\Documents\GitHub\keras-yolo3/model_data/data/data_train/147.jpg 977,3056,1029,3131,0 994,3796,1044,3877,0
c:\Users\crodriguez\Documents\GitHub\keras-yolo3/model_data/data/data_train/148.jpg 977,3294,1029,3369,0
c:\Users\crodriguez\Documents\GitHub\keras-yolo3/model_data/data/data_train/149.jpg 1359,2319,1425,2364,0 812,2031,878,2095,0 1433,2708,1486,2795,0 980,3746,1039,3831,0
c:\Users\crodriguez\Documents\GitHub\keras-yolo3/model_data/data/data_train/15.jpg 644,3578,670,3618,0
c:\Users\crodriguez\Documents\GitHub\keras-yolo3/model_data/data/data_train/150.jpg 1415,3110,1481,3189,0 1348,2789,1408,2837,0
c:\Users\crodriguez\Documents\GitHub\keras-yolo3/model_data/data/data_train/151.jpg 1354,3016,1410,3080,0 761,2724,807,2791,0
c:\Users\crodriguez\Documents\GitHub\keras-yolo3/model_data/data/data_train/152.jpg 1579,2496,1635,2567,0 1193,837,1242,895,0 2088,3080,2135,3131,0 1232,1241,1277,1287,0
c:\Users\crodriguez\Documents\GitHub\keras-yolo3/model_data/data/data_train/153.jpg 1785,2009,1829,2062,0
c:\Users\crodriguez\Documents\GitHub\keras-yolo3/model_data/data/data_train/154.jpg 1788,2240,1844,2302,0 1496,2438,1554,2477,0 1017,2566,1062,2635,0
c:\Users\crodriguez\Documents\GitHub\keras-yolo3/model_data/data/data_train/155.jpg 967,2199,1001,2248,0
c:\Users\crodriguez\Documents\GitHub\keras-yolo3/model_data/data/data_train/156.jpg 1874,1289,1918,1358,0 1331,2976,1400,3032,0 533,3768,596,3827,0
c:\Users\crodriguez\Documents\GitHub\keras-yolo3/model_data/data/data_train/157.jpg 1174,1183,1246,1232,0 2136,1153,2206,1228,0 1943,2063,2014,2131,0 1301,2794,1356,2867,0
c:\Users\crodriguez\Documents\GitHub\keras-yolo3/model_data/data/data_train/159.jpg 1202,3703,1266,3790,0 808,3866,860,3937,0 766,4035,834,4108,0 1194,2698,1261,2753,0 1999,2881,2051,2934,0
c:\Users\crodriguez\Documents\GitHub\keras-yolo3/model_data/data/data_train/16.jpg 1403,1762,1423,1782,0 1447,1818,1467,1843,0 1302,1813,1326,1841,0 1263,1789,1280,1809,0 1451,1964,1474,1991,0 1399,1959,1419,1982,0 1486,1970,1506,1994,0 1379,2106,1401,2130,0 1460,2136,1488,2162,0 1447,2173,1472,2191,0 1416,2148,1436,2171,0 1435,2147,1453,2171,0 1294,2342,1313,2367,0 1308,2406,1331,2431,0 1267,2391,1289,2414,0 1271,2371,1290,2390,0 1254,2353,1272,2369,0 1511,2549,1533,2575,0 1300,2561,1320,2580,0 1341,2609,1362,2635,0 1291,2617,1311,2639,0 775,1703,795,1720,0 748,1707,768,1724,0 747,1723,768,1739,0 1263,2120,1281,2141,0 1226,2144,1246,2167,0 1228,2098,1250,2119,0 1215,2116,1244,2133,0 1250,2139,1269,2162,0 1250,1972,1276,1991,0 1222,1992,1249,2009,0 1221,1951,1247,1973,0 1444,2364,1465,2388,0
c:\Users\crodriguez\Documents\GitHub\keras-yolo3/model_data/data/data_train/160.jpg 1590,2031,1625,2078,0 1502,2560,1545,2609,0 1978,3461,2033,3528,0
c:\Users\crodriguez\Documents\GitHub\keras-yolo3/model_data/data/data_train/161.jpg 1582,2387,1626,2445,0 1947,2389,2006,2442,0 1734,2060,1781,2123,0 1950,3784,2010,3866,0 1483,2950,1537,2998,0
c:\Users\crodriguez\Documents\GitHub\keras-yolo3/model_data/data/data_train/162.jpg 1432,3111,1472,3180,0 1277,2776,1316,2812,0 2463,3210,2518,3261,0
c:\Users\crodriguez\Documents\GitHub\keras-yolo3/model_data/data/data_train/163.jpg 1669,2539,1725,2590,0 2347,1855,2391,1891,0
c:\Users\crodriguez\Documents\GitHub\keras-yolo3/model_data/data/data_train/164.jpg 1669,2697,1716,2746,0 940,2251,983,2307,0 956,1627,1003,1669,0 871,2426,903,2481,0
c:\Users\crodriguez\Documents\GitHub\keras-yolo3/model_data/data/data_train/165.jpg 801,3247,847,3312,0 864,2555,915,2620,0
c:\Users\crodriguez\Documents\GitHub\keras-yolo3/model_data/data/data_train/166.jpg 791,3388,837,3454,0 841,2716,890,2776,0
c:\Users\crodriguez\Documents\GitHub\keras-yolo3/model_data/data/data_train/167.jpg 827,2871,873,2942,0 787,3512,826,3578,0
c:\Users\crodriguez\Documents\GitHub\keras-yolo3/model_data/data/data_train/168.jpg 962,931,1010,996,0
c:\Users\crodriguez\Documents\GitHub\keras-yolo3/model_data/data/data_train/169.jpg 1088,1807,1150,1854,0 889,1967,957,2015,0 2291,2772,2353,2809,0
c:\Users\crodriguez\Documents\GitHub\keras-yolo3/model_data/data/data_train/17.jpg 1461,1812,1485,1839,0 1419,1757,1439,1779,0 1316,1809,1341,1838,0 1277,1786,1296,1806,0 1467,1961,1490,1986,0 1416,1955,1436,1978,0 1265,1968,1289,1986,0 1238,1989,1266,2006,0 1396,2102,1418,2126,0 1465,2168,1489,2188,0 1278,2116,1296,2137,0 1265,2137,1286,2160,0 1241,2142,1263,2164,0 1233,2112,1254,2130,0 1310,2339,1331,2363,0 1325,2401,1349,2428,0 1284,2391,1307,2411,0 1465,2362,1483,2384,0 1458,2341,1473,2361,0 1530,2546,1552,2573,0 1316,2559,1340,2578,0 1376,2598,1403,2620,0 1361,2606,1381,2634,0 1329,2621,1350,2643,0 1313,2614,1331,2636,0
c:\Users\crodriguez\Documents\GitHub\keras-yolo3/model_data/data/data_train/170.jpg 2044,1898,2093,1942,0 2021,2638,2059,2681,0 1013,2744,1076,2795,0 1550,1295,1584,1336,0 1607,700,1670,749,0
c:\Users\crodriguez\Documents\GitHub\keras-yolo3/model_data/data/data_train/171.jpg 699,3850,756,3931,0 2080,2731,2128,2786,0 978,2426,1036,2504,0 2389,1577,2436,1631,0 1880,1877,1924,1939,0 1475,2589,1525,2628,0 881,1387,915,1410,0
c:\Users\crodriguez\Documents\GitHub\keras-yolo3/model_data/data/data_train/172.jpg 1911,2657,1955,2732,0 835,3264,883,3320,0 1278,1482,1326,1556,0 2044,1364,2105,1411,0 1436,3389,1483,3424,0 702,1756,736,1791,0 882,3250,945,3346,0 1438,3109,1490,3157,0
c:\Users\crodriguez\Documents\GitHub\keras-yolo3/model_data/data/data_train/173.jpg 1046,3344,1102,3427,0 2363,2318,2410,2365,0
c:\Users\crodriguez\Documents\GitHub\keras-yolo3/model_data/data/data_train/174.jpg 1041,3507,1088,3593,0 2384,2529,2433,2590,0 1559,2482,1602,2546,0
c:\Users\crodriguez\Documents\GitHub\keras-yolo3/model_data/data/data_train/176.jpg 2191,1931,2251,1966,0 1409,1906,1460,1961,0 1931,2740,1961,2772,0
c:\Users\crodriguez\Documents\GitHub\keras-yolo3/model_data/data/data_train/177.jpg 1413,2082,1460,2140,0 2405,3194,2456,3239,0 1939,2913,1964,2953,0 2241,2184,2284,2233,0 877,1766,909,1805,0
c:\Users\crodriguez\Documents\GitHub\keras-yolo3/model_data/data/data_train/178.jpg 2283,2465,2346,2526,0 2416,3341,2461,3384,0
c:\Users\crodriguez\Documents\GitHub\keras-yolo3/model_data/data/data_train/179.jpg 2390,3766,2443,3820,0 2310,3041,2374,3098,0 1524,3382,1584,3444,0
c:\Users\crodriguez\Documents\GitHub\keras-yolo3/model_data/data/data_train/18.jpg 1025,1027,1225,1171,0 804,1169,1030,1337,0 1144,2208,1289,2373,0 1053,2371,1204,2544,0 854,2411,1023,2579,0
c:\Users\crodriguez\Documents\GitHub\keras-yolo3/model_data/data/data_train/180.jpg 845,1288,902,1329,0 1931,3216,1977,3272,0
c:\Users\crodriguez\Documents\GitHub\keras-yolo3/model_data/data/data_train/181.jpg 1311,3418,1369,3476,0 2256,2469,2305,2518,0 1995,2067,2056,2112,0 929,2720,978,2776,0 725,2787,779,2837,0 1399,2380,1442,2420,0
c:\Users\crodriguez\Documents\GitHub\keras-yolo3/model_data/data/data_train/182.jpg 1718,1813,1757,1866,0 2361,2322,2395,2355,0 1795,2941,1837,2983,0 2037,3356,2091,3412,0 2270,3520,2332,3589,0 647,2499,685,2540,0
c:\Users\crodriguez\Documents\GitHub\keras-yolo3/model_data/data/data_train/183.jpg 1717,2705,1762,2759,0
c:\Users\crodriguez\Documents\GitHub\keras-yolo3/model_data/data/data_train/184.jpg 996,2120,1062,2170,0 896,2103,932,2148,0 1798,1604,1846,1647,0 1948,1753,1998,1796,0
c:\Users\crodriguez\Documents\GitHub\keras-yolo3/model_data/data/data_train/185.jpg 794,3331,835,3400,0 2007,3045,2067,3096,0 628,1798,668,1832,0
c:\Users\crodriguez\Documents\GitHub\keras-yolo3/model_data/data/data_train/186.jpg 1585,3930,1639,4005,0 2671,3534,2716,3610,0 2498,2952,2555,2997,0
c:\Users\crodriguez\Documents\GitHub\keras-yolo3/model_data/data/data_train/187.jpg 2678,3563,2720,3645,0 2512,3013,2556,3056,0
c:\Users\crodriguez\Documents\GitHub\keras-yolo3/model_data/data/data_train/189.jpg 2691,3628,2737,3715,0
c:\Users\crodriguez\Documents\GitHub\keras-yolo3/model_data/data/data_train/19.jpg 549,35,726,223,0 746,1,925,200,0 1087,1660,1245,1867,0 1214,2169,1399,2381,0 868,2060,1045,2233,0 918,1902,1049,2050,0 768,1752,918,1879,0 1107,3408,1282,3560,0
c:\Users\crodriguez\Documents\GitHub\keras-yolo3/model_data/data/data_train/190.jpg 1172,1911,1235,1953,0 1241,1746,1281,1791,0 1285,2524,1331,2585,0
c:\Users\crodriguez\Documents\GitHub\keras-yolo3/model_data/data/data_train/191.jpg 1976,3223,2011,3258,0 1182,2017,1222,2052,0 1239,1849,1273,1895,0
c:\Users\crodriguez\Documents\GitHub\keras-yolo3/model_data/data/data_train/192.jpg 1996,3308,2026,3349,0 1378,2888,1447,2945,0 1183,2120,1223,2157,0 1238,1947,1273,1997,0
c:\Users\crodriguez\Documents\GitHub\keras-yolo3/model_data/data/data_train/193.jpg 1375,2987,1438,3048,0 1183,2226,1218,2286,0 1553,1235,1589,1273,0
c:\Users\crodriguez\Documents\GitHub\keras-yolo3/model_data/data/data_train/194.jpg 1374,3073,1422,3134,0 1182,2319,1219,2375,0 1558,1337,1598,1375,0
c:\Users\crodriguez\Documents\GitHub\keras-yolo3/model_data/data/data_train/195.jpg 1377,3168,1428,3234,0 1178,2418,1217,2474,0 1232,2240,1270,2294,0 1568,1452,1610,1489,0
c:\Users\crodriguez\Documents\GitHub\keras-yolo3/model_data/data/data_train/196.jpg 1372,3256,1425,3322,0 2009,3577,2045,3612,0 1177,2509,1211,2563,0 1577,1555,1619,1591,0
c:\Users\crodriguez\Documents\GitHub\keras-yolo3/model_data/data/data_train/197.jpg 1368,3349,1421,3416,0 1166,2615,1202,2668,0 1218,2441,1256,2494,0 1584,1691,1624,1730,0 1982,641,2013,678,0
c:\Users\crodriguez\Documents\GitHub\keras-yolo3/model_data/data/data_train/198.jpg 1356,3455,1413,3524,0 1593,1832,1634,1870,0 1154,2722,1194,2781,0
c:\Users\crodriguez\Documents\GitHub\keras-yolo3/model_data/data/data_train/199.jpg 1347,3592,1400,3660,0 2018,3817,2057,3869,0 2141,1195,2178,1252,0
c:\Users\crodriguez\Documents\GitHub\keras-yolo3/model_data/data/data_train/2.jpg 2729,3123,2762,3157,0
c:\Users\crodriguez\Documents\GitHub\keras-yolo3/model_data/data/data_train/200.jpg 1166,2898,1202,2949,0 2202,1483,2235,1526,0 1062,1511,1096,1546,0
c:\Users\crodriguez\Documents\GitHub\keras-yolo3/model_data/data/data_train/202.jpg 1131,3224,1169,3271,0 1582,2615,1629,2662,0 1027,1943,1064,1988,0 1029,1016,1070,1057,0 1021,987,1078,1019,0
c:\Users\crodriguez\Documents\GitHub\keras-yolo3/model_data/data/data_train/203.jpg 1120,3398,1154,3450,0 1568,2796,1618,2845,0 1013,2137,1046,2180,0
c:\Users\crodriguez\Documents\GitHub\keras-yolo3/model_data/data/data_train/204.jpg 1113,3538,1152,3599,0 1891,3848,1928,3907,0 2311,2315,2347,2350,0 1232,562,1268,623,0 1557,2949,1602,2995,0
c:\Users\crodriguez\Documents\GitHub\keras-yolo3/model_data/data/data_train/205.jpg 1106,3686,1144,3753,0 1546,3108,1603,3156,0
c:\Users\crodriguez\Documents\GitHub\keras-yolo3/model_data/data/data_train/206.jpg 950,2772,993,2831,0 1079,2190,1117,2235,0 829,1210,886,1246,0
c:\Users\crodriguez\Documents\GitHub\keras-yolo3/model_data/data/data_train/207.jpg 932,2924,968,2996,0 1064,2345,1104,2386,0
c:\Users\crodriguez\Documents\GitHub\keras-yolo3/model_data/data/data_train/208.jpg 1053,2488,1093,2534,0 920,3067,957,3139,0
c:\Users\crodriguez\Documents\GitHub\keras-yolo3/model_data/data/data_train/209.jpg 904,3191,944,3262,0 904,1199,952,1242,0
c:\Users\crodriguez\Documents\GitHub\keras-yolo3/model_data/data/data_train/21.jpg 1323,1703,1349,1725,0 1367,1751,1391,1779,0 1397,1701,1429,1728,0 1401,1673,1432,1698,0 1471,1587,1494,1612,0 1485,1553,1511,1576,0 1475,1500,1506,1528,0 1206,1569,1232,1602,0 1127,1539,1157,1566,0 1146,1574,1175,1596,0 91,1487,111,1506,0 718,906,747,941,0 719,960,750,992,0 675,939,705,963,0 691,907,720,940,0 942,1037,976,1069,0 1076,1200,1107,1235,0 1097,1241,1127,1270,0 988,1257,1015,1285,0 901,1382,928,1407,0 861,1418,887,1447,0 748,1302,780,1340,0 751,1262,778,1293,0 1297,1388,1329,1420,0 1267,1411,1290,1441,0 1244,1405,1267,1426,0
c:\Users\crodriguez\Documents\GitHub\keras-yolo3/model_data/data/data_train/210.jpg 891,3303,932,3365,0 1026,2716,1067,2763,0 2273,1967,2305,2004,0 763,1790,828,1832,0 905,1330,949,1370,0
c:\Users\crodriguez\Documents\GitHub\keras-yolo3/model_data/data/data_train/211.jpg 898,1445,945,1485,0 982,1747,1016,1790,0 752,1883,817,1927,0 1016,2821,1049,2866,0 882,3401,923,3465,0
c:\Users\crodriguez\Documents\GitHub\keras-yolo3/model_data/data/data_train/212.jpg 893,1565,935,1606,0 740,1982,806,2031,0 877,3505,919,3573,0 1004,2927,1042,2968,0 2293,2183,2321,2216,0
c:\Users\crodriguez\Documents\GitHub\keras-yolo3/model_data/data/data_train/213.jpg 887,1712,927,1751,0 732,2118,791,2163,0 991,3065,1035,3116,0 821,3641,857,3694,0 887,3661,924,3735,0
c:\Users\crodriguez\Documents\GitHub\keras-yolo3/model_data/data/data_train/215.jpg 2323,2555,2364,2598,0 958,3386,1007,3441,0 684,2396,752,2445,0
c:\Users\crodriguez\Documents\GitHub\keras-yolo3/model_data/data/data_train/216.jpg 952,3559,988,3613,0 1284,1685,1326,1734,0 642,2545,709,2588,0
c:\Users\crodriguez\Documents\GitHub\keras-yolo3/model_data/data/data_train/217.jpg 826,2311,865,2353,0 620,2674,693,2718,0 942,3730,990,3791,0 1299,1840,1336,1882,0
c:\Users\crodriguez\Documents\GitHub\keras-yolo3/model_data/data/data_train/218.jpg 595,2789,646,2832,0 1297,1962,1343,2009,0
c:\Users\crodriguez\Documents\GitHub\keras-yolo3/model_data/data/data_train/219.jpg 1290,2048,1333,2097,0
c:\Users\crodriguez\Documents\GitHub\keras-yolo3/model_data/data/data_train/22.jpg 1154,442,1375,676,0 1162,671,1425,879,0 1078,1137,1265,1347,0 620,863,799,1047,0
c:\Users\crodriguez\Documents\GitHub\keras-yolo3/model_data/data/data_train/220.jpg 587,2983,673,3035,0 1286,2163,1326,2206,0
c:\Users\crodriguez\Documents\GitHub\keras-yolo3/model_data/data/data_train/221.jpg 627,800,673,877,0 576,3095,636,3160,0 1284,2265,1327,2309,0
c:\Users\crodriguez\Documents\GitHub\keras-yolo3/model_data/data/data_train/222.jpg 1404,763,1453,833,0 1200,3561,1251,3604,0
c:\Users\crodriguez\Documents\GitHub\keras-yolo3/model_data/data/data_train/223.jpg 2413,2190,2463,2224,0 2276,3310,2327,3385,0 2503,3202,2586,3257,0
c:\Users\crodriguez\Documents\GitHub\keras-yolo3/model_data/data/data_train/224.jpg 1680,1482,1722,1526,0
c:\Users\crodriguez\Documents\GitHub\keras-yolo3/model_data/data/data_train/225.jpg 1995,1459,2047,1490,0
c:\Users\crodriguez\Documents\GitHub\keras-yolo3/model_data/data/data_train/226.jpg 2094,2075,2161,2167,0 2016,834,2057,885,0
c:\Users\crodriguez\Documents\GitHub\keras-yolo3/model_data/data/data_train/228.jpg 1953,3732,2009,3836,0 1536,2157,1579,2201,0 610,2516,654,2563,0
c:\Users\crodriguez\Documents\GitHub\keras-yolo3/model_data/data/data_train/229.jpg 1827,1869,1873,1910,0 1756,1785,1804,1837,0 2320,1950,2362,2007,0 1424,1578,1455,1618,0 1224,1220,1266,1267,0 783,1262,824,1328,0 1583,196,1621,253,0 1136,3194,1183,3230,0 1640,1896,1672,1925,0 696,2170,748,2214,0
c:\Users\crodriguez\Documents\GitHub\keras-yolo3/model_data/data/data_train/23.jpg 925,1303,955,1331,0 704,1227,731,1258,0 745,1214,777,1247,0 657,1207,686,1230,0 698,1173,727,1207,0 674,1174,701,1206,0 1059,1457,1091,1492,0 1081,1497,1108,1525,0 971,1516,999,1544,0 1280,1641,1313,1672,0 1253,1661,1273,1691,0 1115,1788,1145,1813,0 1196,1819,1219,1852,0 1390,1918,1421,1944,0 1387,1946,1419,1974,0 1313,1948,1339,1970,0 1357,1995,1382,2023,0 1376,1981,1403,2005,0 1458,1836,1481,1857,0 1472,1799,1496,1823,0 1503,1766,1534,1793,0 1462,1749,1488,1776,0 1141,1846,1168,1872,0 1137,1824,1163,1844,0 1093,1830,1117,1853,0 888,1688,917,1710,0 847,1649,875,1670,0 889,1637,917,1660,0 738,1524,765,1551,0 843,1374,871,1399,0 891,1329,925,1359,0 740,1572,766,1596,0 702,1535,724,1567,0 1034,1521,1064,1545,0 1048,1507,1078,1531,0 627,1343,668,1375,0 566,1370,587,1393,0 92,1807,116,1833,0 849,1676,878,1706,0
c:\Users\crodriguez\Documents\GitHub\keras-yolo3/model_data/data/data_train/230.jpg 1674,2780,1713,2813,0 1894,2792,1943,2839,0 2452,2814,2499,2878,0 1795,3004,1857,3059,0 1859,1775,1912,1826,0
c:\Users\crodriguez\Documents\GitHub\keras-yolo3/model_data/data/data_train/231.jpg 2325,2129,2384,2216,0 1905,2457,1967,2507,0 1639,2880,1685,2924,0 1128,2909,1180,2950,0 1628,1964,1668,1998,0
c:\Users\crodriguez\Documents\GitHub\keras-yolo3/model_data/data/data_train/232.jpg 2358,2373,2418,2450,0 1923,2695,1982,2742,0 1071,2587,1116,2658,0 1647,3118,1694,3169,0 1911,3702,1958,3753,0 597,3006,650,3079,0 1119,3143,1171,3186,0 2334,719,2392,761,0
c:\Users\crodriguez\Documents\GitHub\keras-yolo3/model_data/data/data_train/233.jpg 2002,2599,2066,2646,0 1877,2355,1930,2400,0 2261,2876,2329,2954,0 1893,3515,1943,3576,0 1550,3390,1621,3515,0 984,2638,1037,2689,0 2169,1398,2226,1446,0 1811,1626,1848,1680,0 2080,1863,2140,1900,0 694,1648,739,1699,0
c:\Users\crodriguez\Documents\GitHub\keras-yolo3/model_data/data/data_train/234.jpg 665,2390,726,2435,0 739,2818,789,2884,0 1176,3056,1271,3139,0 784,2139,831,2194,0 1639,2245,1684,2289,0 2300,2002,2348,2073,0 1118,1848,1198,1905,0 1445,1784,1502,1827,0 1754,2429,1797,2476,0
c:\Users\crodriguez\Documents\GitHub\keras-yolo3/model_data/data/data_train/235.jpg 2380,2842,2425,2908,0 2299,2232,2350,2271,0 2269,2524,2314,2578,0 2469,2457,2506,2503,0
c:\Users\crodriguez\Documents\GitHub\keras-yolo3/model_data/data/data_train/236.jpg 2332,2797,2380,2877,0 2272,2586,2315,2642,0
c:\Users\crodriguez\Documents\GitHub\keras-yolo3/model_data/data/data_train/237.jpg 2329,1685,2392,1756,0 1614,3082,1673,3147,0 1972,2475,2018,2528,0
c:\Users\crodriguez\Documents\GitHub\keras-yolo3/model_data/data/data_train/238.jpg 2425,2269,2492,2340,0 1976,3000,2024,3063,0 1574,3652,1629,3731,0 2146,1410,2190,1467,0
c:\Users\crodriguez\Documents\GitHub\keras-yolo3/model_data/data/data_train/239.jpg 2469,2423,2526,2495,0 2179,1599,2228,1659,0 1976,3159,2014,3210,0 2066,2850,2104,2885,0 792,2414,826,2454,0
c:\Users\crodriguez\Documents\GitHub\keras-yolo3/model_data/data/data_train/24.jpg 1254,1325,1314,1378,0 967,1445,1032,1527,0 1400,1540,1452,1616,0 1461,1935,1531,1998,0 1132,2289,1198,2358,0 1223,2391,1287,2456,0 1301,2395,1356,2465,0 1321,1304,1389,1367,0 1314,1362,1372,1435,0 1367,1347,1431,1407,0 1029,1344,1087,1413,0 1000,1407,1056,1465,0 851,1395,905,1453,0 1201,1853,1256,1922,0 1241,1929,1292,1973,0 716,1800,787,1867,0 683,2258,745,2327,0 741,2236,803,2302,0 827,2318,880,2385,0 736,2367,798,2425,0 749,2460,811,2533,0 1152,3038,1220,3100,0 1312,3055,1389,3133,0 863,2933,918,3002,0 818,3016,883,3091,0 785,3109,849,3162,0 849,3185,903,3264,0 800,2958,851,3013,0 1251,2929,1311,2975,0 1318,2949,1374,3009,0 1280,2511,1334,2582,0 854,3504,912,3562,0 1325,3520,1378,3585,0 1332,3618,1380,3689,0 1001,3600,1071,3667,0 887,3689,940,3760,0
c:\Users\crodriguez\Documents\GitHub\keras-yolo3/model_data/data/data_train/241.jpg 1269,2499,1313,2552,0 2011,2541,2059,2588,0 2597,3386,2646,3465,0 2303,3225,2356,3286,0 1471,3495,1531,3542,0 825,1059,873,1109,0 2243,1076,2284,1124,0 2404,1789,2448,1826,0 911,3085,952,3146,0 658,3658,706,3710,0 1173,2670,1217,2704,0
c:\Users\crodriguez\Documents\GitHub\keras-yolo3/model_data/data/data_train/242.jpg 1526,2242,1605,2319,0 1647,2338,1715,2442,0
c:\Users\crodriguez\Documents\GitHub\keras-yolo3/model_data/data/data_train/243.jpg 890,2044,956,2091,0 1523,2401,1591,2473,0 1656,2501,1712,2590,0
c:\Users\crodriguez\Documents\GitHub\keras-yolo3/model_data/data/data_train/244.jpg 871,2331,927,2369,0 1520,2686,1591,2763,0 1654,2786,1720,2874,0 639,3622,694,3690,0 592,2916,657,2968,0 899,1719,939,1760,0
c:\Users\crodriguez\Documents\GitHub\keras-yolo3/model_data/data/data_train/245.jpg 834,2615,902,2663,0 1505,2995,1598,3077,0
c:\Users\crodriguez\Documents\GitHub\keras-yolo3/model_data/data/data_train/246.jpg 1088,2148,1161,2188,0 1220,2315,1277,2355,0 870,2088,913,2120,0 1066,1767,1115,1810,0 755,3413,823,3467,0 653,3032,693,3077,0 815,2862,850,2913,0 715,1070,759,1124,0 845,1502,869,1540,0 1816,1272,1870,1328,0 2309,1837,2343,1885,0
c:\Users\crodriguez\Documents\GitHub\keras-yolo3/model_data/data/data_train/247.jpg 779,2796,835,2838,0 1896,2073,1948,2117,0 2283,2852,2338,2946,0 2365,2562,2406,2621,0 2193,2516,2240,2564,0 2516,2038,2562,2094,0 2367,1233,2423,1283,0 1298,1529,1358,1588,0
c:\Users\crodriguez\Documents\GitHub\keras-yolo3/model_data/data/data_train/248.jpg 2390,3310,2450,3369,0 2181,3333,2240,3400,0 2211,2614,2265,2674,0 724,3576,779,3624,0 998,3700,1057,3736,0 919,3314,990,3381,0 1250,2414,1312,2464,0 1908,2947,1984,2990,0 2221,2297,2260,2334,0 1284,1842,1334,1927,0 2500,2277,2562,2344,0
c:\Users\crodriguez\Documents\GitHub\keras-yolo3/model_data/data/data_train/25.jpg 1315,1182,1374,1234,0 1454,1383,1506,1457,0 938,1254,989,1311,0 1105,1205,1165,1269,0 1520,1752,1583,1811,0 1277,1680,1326,1748,0 1311,1752,1362,1792,0 1417,1809,1488,1877,0 818,1642,877,1698,0 1217,2095,1272,2155,0 1302,2185,1360,2251,0 1375,2189,1429,2255,0 1354,2300,1409,2362,0 928,2126,975,2185,0 845,2046,902,2106,0 792,2066,846,2132,0 845,2166,897,2225,0 855,2257,911,2322,0 1397,2826,1478,2897,0 1340,2695,1398,2748,0 1457,2703,1503,2760,0 1405,2717,1460,2778,0 1251,2811,1314,2868,0 966,2715,1022,2774,0 929,2802,980,2863,0 891,2886,955,2943,0 954,2963,1018,3040,0 905,2742,954,2792,0 1517,3251,1580,3328,0 1423,3291,1477,3349,0 1435,3391,1483,3458,0 962,3280,1020,3340,0 1104,3378,1172,3447,0 1000,3478,1052,3545,0
c:\Users\crodriguez\Documents\GitHub\keras-yolo3/model_data/data/data_train/26.jpg 1194,1023,1252,1077,0 986,1040,1040,1112,0 822,1097,871,1152,0 1331,1223,1382,1297,0 1388,1592,1451,1654,0 1292,1648,1349,1715,0 1148,1522,1200,1585,0 1183,1591,1235,1638,0 798,1552,860,1608,0 695,1474,755,1534,0 1082,1932,1145,1988,0 1169,2023,1223,2086,0 1237,2025,1294,2092,0 1214,2132,1272,2197,0 723,2091,782,2149,0 798,1958,845,2018,0 711,1992,771,2058,0 720,1874,774,1940,0 663,1897,720,1966,0 1306,2534,1358,2585,0 1194,2529,1251,2572,0 1102,2634,1166,2692,0 1252,2655,1329,2725,0 826,2532,885,2594,0 766,2558,812,2606,0 783,2618,837,2680,0 745,2703,812,2757,0 806,2780,866,2854,0 1358,3094,1422,3165,0 1268,3123,1318,3185,0 1272,3228,1326,3295,0 808,3102,863,3162,0 949,3198,1020,3275,0
c:\Users\crodriguez\Documents\GitHub\keras-yolo3/model_data/data/data_train/27.jpg 1178,2440,1207,2461,0 1457,1872,1486,1896,0 1225,2234,1259,2261,0 956,2553,977,2577,0 932,2629,952,2650,0 1006,2485,1027,2508,0 1148,2661,1180,2687,0 852,1839,877,1864,0 948,1943,975,1964,0 996,2048,1019,2070,0 1426,1843,1452,1866,0 1583,2005,1602,2028,0 1375,2749,1400,2774,0 1030,1677,1057,1700,0 818,1711,836,1731,0 807,1744,827,1764,0 1320,1999,1354,2020,0 1224,2204,1246,2229,0 1525,3034,1554,3059,0 1347,1677,1368,1699,0 1196,2307,1224,2330,0 1169,2367,1196,2391,0 954,2522,979,2544,0
c:\Users\crodriguez\Documents\GitHub\keras-yolo3/model_data/data/data_train/28.jpg 1028,1680,1059,1705,0 942,1944,975,1967,0 1426,1848,1449,1867,0 1459,1876,1485,1900,0 1348,1681,1367,1701,0 817,1709,838,1735,0 806,1751,829,1769,0 850,1846,877,1868,0 1228,2239,1254,2262,0 1226,2207,1247,2231,0 1172,2176,1191,2195,0 995,2050,1018,2073,0 1094,2076,1118,2098,0 1171,2370,1191,2390,0 1178,2439,1205,2463,0 958,2556,977,2579,0 931,2631,952,2649,0 1524,3033,1554,3058,0 1583,2010,1599,2028,0 1214,1546,1237,1566,0 1195,2309,1224,2331,0 1006,2489,1026,2511,0
c:\Users\crodriguez\Documents\GitHub\keras-yolo3/model_data/data/data_train/29.jpg 1224,2244,1258,2271,0 1177,2446,1206,2468,0 957,2561,979,2583,0 1006,2494,1027,2516,0 1194,2313,1225,2338,0 1454,1881,1483,1904,0
c:\Users\crodriguez\Documents\GitHub\keras-yolo3/model_data/data/data_train/3.jpg 2854,3939,2889,3978,0
c:\Users\crodriguez\Documents\GitHub\keras-yolo3/model_data/data/data_train/33.jpg 1560,2618,1592,2650,0 990,2036,1014,2065,0 794,3403,821,3431,0
c:\Users\crodriguez\Documents\GitHub\keras-yolo3/model_data/data/data_train/34.jpg 1576,2784,1606,2812,0 996,2221,1014,2244,0
c:\Users\crodriguez\Documents\GitHub\keras-yolo3/model_data/data/data_train/35.jpg 633,1956,662,1977,0 1585,2853,1614,2882,0 1685,1549,1712,1577,0 1007,2299,1026,2325,0
c:\Users\crodriguez\Documents\GitHub\keras-yolo3/model_data/data/data_train/36.jpg 1005,2917,1030,2942,0 601,2638,623,2660,0 1522,2773,1547,2797,0 1732,2117,1750,2139,0
c:\Users\crodriguez\Documents\GitHub\keras-yolo3/model_data/data/data_train/37.jpg 725,1291,743,1314,0 1008,3213,1035,3245,0 660,2646,687,2671,0
c:\Users\crodriguez\Documents\GitHub\keras-yolo3/model_data/data/data_train/38.jpg 707,1805,733,1824,0 522,1756,545,1773,0 568,3252,599,3286,0 649,2968,675,2999,0 481,2704,502,2729,0
c:\Users\crodriguez\Documents\GitHub\keras-yolo3/model_data/data/data_train/4.jpg 1009,3703,1043,3733,0
c:\Users\crodriguez\Documents\GitHub\keras-yolo3/model_data/data/data_train/40.jpg 1320,1086,1371,1136,0 1301,1159,1335,1225,0 1291,1417,1330,1454,0 1338,1594,1387,1643,0 1267,1609,1298,1663,0 1313,1951,1363,1988,0 1257,1864,1293,1927,0 1226,1878,1260,1914,0 566,1357,604,1414,0 600,1413,662,1453,0 572,1418,614,1488,0 620,1851,664,1889,0 549,1826,590,1886,0 584,1880,633,1915,0
c:\Users\crodriguez\Documents\GitHub\keras-yolo3/model_data/data/data_train/41.jpg 1286,1140,1337,1188,0 1270,1209,1303,1277,0 1265,1465,1307,1500,0 1318,1638,1370,1685,0 1248,1652,1282,1705,0 1304,1989,1355,2028,0 1217,1921,1252,1957,0 1248,1905,1285,1968,0 549,1428,587,1483,0 537,1483,565,1535,0 570,1636,627,1668,0 615,1911,658,1948,0 581,1940,628,1975,0 543,1886,585,1947,0 516,1929,549,1986,0
c:\Users\crodriguez\Documents\GitHub\keras-yolo3/model_data/data/data_train/42.jpg 1144,1920,1508,2284,0 540,1444,860,1908,0 320,1576,556,1904,0
c:\Users\crodriguez\Documents\GitHub\keras-yolo3/model_data/data/data_train/43.jpg 993,1352,1299,1797,0 1426,1719,1699,2114,0 1054,1830,1399,2153,0 1682,36,2132,336,0
c:\Users\crodriguez\Documents\GitHub\keras-yolo3/model_data/data/data_train/44.jpg 1274,1122,1321,1171,0 1257,1198,1292,1261,0 1261,1454,1302,1488,0 1250,1641,1281,1693,0 1315,1975,1363,2018,0 1221,1909,1256,1947,0 1256,1896,1292,1959,0 620,1917,662,1956,0 585,1950,635,1982,0 521,1939,553,1996,0 569,1643,627,1673,0 545,1432,576,1489,0
c:\Users\crodriguez\Documents\GitHub\keras-yolo3/model_data/data/data_train/45.jpg 882,1616,931,1648,0 1073,1695,1105,1743,0 1123,1707,1150,1753,0 1083,1828,1133,1858,0 1176,1795,1222,1824,0 934,1667,962,1700,0 925,1768,954,1807,0 952,1767,985,1809,0 976,1748,1006,1795,0 861,1803,898,1827,0 522,1748,550,1781,0 928,1986,954,2034,0 1349,1892,1387,1924,0 1147,1930,1178,1971,0 1065,1960,1120,1995,0 1180,2021,1207,2067,0 1229,2026,1263,2069,0 1288,2018,1326,2053,0 1108,2138,1137,2183,0 1047,2170,1092,2209,0 1245,2211,1290,2254,0 1296,2538,1349,2585,0 1283,2598,1320,2630,0 983,2661,1035,2696,0 1004,2781,1047,2821,0 1048,2805,1095,2843,0 945,2460,996,2496,0 896,2450,919,2480,0 866,2478,900,2513,0 769,2379,832,2416,0 694,2481,756,2515,0 803,2601,832,2648,0 712,2812,762,2850,0 1245,2876,1281,2931,0 1209,3142,1258,3191,0 433,1833,465,1873,0
c:\Users\crodriguez\Documents\GitHub\keras-yolo3/model_data/data/data_train/46.jpg 883,1619,930,1649,0 1120,1705,1154,1753,0 1072,1702,1105,1746,0 1083,1830,1133,1858,0 1176,1794,1219,1828,0 1346,1896,1387,1926,0 922,1771,953,1812,0 976,1754,1009,1798,0 947,1767,989,1808,0 1289,2020,1332,2052,0 1179,2021,1205,2069,0 1226,2025,1262,2069,0 1048,2037,1081,2083,0 925,1991,952,2034,0 1044,2171,1094,2213,0 1105,2140,1136,2184,0 1243,2212,1293,2257,0 1066,1965,1122,1995,0 1149,1933,1177,1973,0 858,1805,901,1832,0 893,2453,918,2484,0 768,2383,836,2423,0 1278,2598,1325,2634,0 1294,2536,1350,2585,0 804,2605,831,2653,0 693,2482,757,2519,0 1045,2807,1093,2846,0 1003,2782,1044,2826,0 1242,2878,1277,2933,0 711,2815,764,2855,0 983,2667,1043,2702,0 518,1744,554,1787,0 429,1835,466,1874,0 1213,3143,1264,3197,0
c:\Users\crodriguez\Documents\GitHub\keras-yolo3/model_data/data/data_train/47.jpg 925,1994,952,2038,0 1052,2041,1085,2087,0 1180,2029,1211,2076,0 1228,2027,1262,2076,0 1350,1896,1388,1932,0 1150,1937,1179,1979,0 1066,1966,1122,2003,0 1104,2146,1139,2189,0 1046,2174,1091,2216,0 1244,2221,1293,2263,0 1085,1832,1134,1863,0 1178,1800,1226,1832,0 1120,1711,1153,1758,0 1071,1708,1108,1743,0 979,1758,1008,1800,0 926,1778,950,1814,0 863,1808,895,1838,0 887,1626,933,1653,0 1004,2793,1044,2827,0 1049,2811,1091,2852,0 1294,2543,1349,2588,0 1284,2604,1326,2636,0 803,2611,830,2654,0 949,2466,984,2501,0 894,2459,920,2489,0 692,2490,757,2524,0 764,2389,831,2426,0 716,2822,764,2858,0 982,2668,1036,2705,0 1245,2882,1279,2935,0 1214,3149,1257,3198,0 1291,2027,1334,2060,0 519,1751,550,1793,0 430,1840,463,1881,0 864,2488,898,2522,0 669,2591,707,2627,0
c:\Users\crodriguez\Documents\GitHub\keras-yolo3/model_data/data/data_train/48.jpg 1628,1950,1671,1990,0 1448,2019,1501,2052,0 675,3617,725,3677,0 1721,3511,1762,3576,0 1628,3528,1680,3586,0
c:\Users\crodriguez\Documents\GitHub\keras-yolo3/model_data/data/data_train/49.jpg 1396,1941,1437,1982,0 840,2192,886,2222,0 1695,2155,1727,2216,0 676,3618,728,3678,0 1669,3543,1710,3606,0 1682,2196,1720,2237,0
c:\Users\crodriguez\Documents\GitHub\keras-yolo3/model_data/data/data_train/50.jpg 1644,2829,1697,2883,0 1407,1977,1444,2013,0 1649,1799,1692,1834,0 1699,2185,1742,2229,0 1673,3547,1713,3596,0 677,3620,729,3675,0 596,1448,632,1493,0 776,1402,815,1448,0 1110,2666,1148,2709,0 1694,2212,1722,2248,0
c:\Users\crodriguez\Documents\GitHub\keras-yolo3/model_data/data/data_train/51.jpg 1644,2837,1701,2886,0 1669,3547,1713,3600,0 675,3618,725,3677,0 1409,1983,1446,2019,0 1699,2184,1739,2227,0 1649,1800,1693,1836,0 838,2217,886,2248,0 594,1456,632,1496,0 775,1411,814,1452,0 1108,2673,1151,2716,0 1694,2218,1722,2254,0
c:\Users\crodriguez\Documents\GitHub\keras-yolo3/model_data/data/data_train/53.jpg 1415,2015,1453,2055,0 836,2265,888,2297,0 1700,2197,1739,2241,0 1694,2234,1725,2266,0 1648,1805,1691,1836,0 1469,1786,1497,1820,0 1517,1765,1569,1791,0 1107,2702,1156,2742,0 1641,2892,1687,2952,0 1673,3547,1711,3595,0 677,3619,726,3674,0 587,1503,629,1551,0 773,1465,814,1507,0 414,1039,456,1092,0
c:\Users\crodriguez\Documents\GitHub\keras-yolo3/model_data/data/data_train/54.jpg 413,1040,454,1090,0 556,1821,602,1871,0 772,1792,807,1835,0 1442,2281,1484,2324,0 1537,2021,1593,2050,0 1656,1939,1685,1979,0 1493,2043,1519,2077,0 1707,2302,1748,2345,0 1716,2264,1759,2314,0 1039,2115,1052,2134,0 827,2588,877,2619,0 1137,2903,1173,2940,0 1637,3070,1692,3116,0 1676,3582,1725,3635,0 668,3667,726,3707,0
c:\Users\crodriguez\Documents\GitHub\keras-yolo3/model_data/data/data_train/55.jpg 413,1037,452,1092,0 544,1872,593,1914,0 774,1839,813,1884,0 1498,2089,1524,2124,0 1543,2065,1594,2099,0 1663,1972,1693,2014,0 1444,2330,1484,2373,0 1690,2335,1740,2373,0 1721,2290,1753,2351,0 826,2634,873,2664,0 1140,2932,1177,2973,0 1647,3092,1696,3153,0 1676,3599,1725,3654,0 668,3680,728,3723,0 1037,2159,1054,2179,0
c:\Users\crodriguez\Documents\GitHub\keras-yolo3/model_data/data/data_train/56.jpg 656,796,702,827,0 891,1231,914,1273,0 510,2086,564,2119,0 774,2050,815,2084,0 1696,2170,1725,2218,0 1566,2250,1626,2284,0 1718,2414,1752,2474,0 1719,2476,1753,2516,0 1468,2524,1504,2565,0 804,2822,852,2858,0 1152,3073,1188,3114,0 1657,3209,1707,3254,0 1686,3646,1742,3689,0
c:\Users\crodriguez\Documents\GitHub\keras-yolo3/model_data/data/data_train/57.jpg 473,1136,513,1170,0 414,1041,454,1092,0 1270,1465,1302,1501,0 879,1444,904,1487,0 619,1461,644,1493,0 1704,2196,1730,2244,0 1577,2337,1640,2376,0 779,2141,813,2176,0 498,2173,546,2211,0 1721,2428,1754,2478,0 1719,2487,1753,2516,0 1476,2613,1516,2660,0 806,2901,856,2935,0 1150,3129,1189,3170,0 1669,3785,1716,3839,0 1658,3260,1716,3315,0
c:\Users\crodriguez\Documents\GitHub\keras-yolo3/model_data/data/data_train/58.jpg 1155,1103,1181,1141,0 440,1228,468,1264,0 607,1621,632,1661,0 880,1640,906,1687,0 1290,1628,1324,1660,0 494,2235,539,2268,0 777,2217,810,2250,0 1713,2219,1741,2259,0 1588,2414,1646,2455,0 1725,2444,1759,2500,0 1731,2510,1770,2559,0 1485,2686,1524,2726,0 805,2959,856,2995,0 1150,3169,1185,3212,0 1655,3312,1719,3357,0
c:\Users\crodriguez\Documents\GitHub\keras-yolo3/model_data/data/data_train/59.jpg 413,1040,453,1091,0 422,1409,459,1439,0 578,1384,616,1432,0 1198,1513,1225,1564,0 590,1936,617,1982,0 870,1941,905,1979,0 1314,1931,1354,1964,0 1730,2366,1765,2396,0 464,2424,519,2462,0 759,2434,799,2471,0 1654,2581,1690,2644,0 1752,2596,1788,2639,0 1757,2638,1807,2673,0 1498,2826,1533,2872,0 1148,3282,1183,3336,0 1652,3396,1714,3435,0 799,3101,852,3139,0
c:\Users\crodriguez\Documents\GitHub\keras-yolo3/model_data/data/data_train/6.jpg 1021,1443,1043,1467,0
c:\Users\crodriguez\Documents\GitHub\keras-yolo3/model_data/data/data_train/61.jpg 410,1043,449,1094,0 569,1338,610,1364,0 775,1467,816,1506,0 1105,1694,1127,1722,0 1252,2070,1288,2113,0 467,2076,500,2127,0 444,2108,473,2143,0 1394,2429,1425,2460,0 559,2378,587,2425,0 413,2777,484,2819,0 746,2832,788,2870,0 1821,2825,1876,2876,0 1702,2947,1737,3014,0 1628,2992,1657,3046,0 1955,2995,1990,3047,0 1518,3190,1549,3232,0 1154,3565,1187,3619,0
c:\Users\crodriguez\Documents\GitHub\keras-yolo3/model_data/data/data_train/62.jpg 693,1603,725,1642,0 790,1656,827,1694,0 470,1781,506,1808,0 1623,1777,1671,1807,0 726,1861,786,1890,0 426,2374,461,2417,0 395,2422,427,2477,0 1272,2359,1308,2410,0 1423,2715,1456,2761,0 880,2656,910,2692,0 527,2645,555,2698,0 390,3008,454,3054,0 735,3060,772,3102,0 1849,2864,1914,2904,0 1738,3181,1782,3253,0 1646,3220,1677,3275,0 1536,3412,1574,3470,0 1106,3250,1135,3279,0 802,3666,833,3724,0
c:\Users\crodriguez\Documents\GitHub\keras-yolo3/model_data/data/data_train/63.jpg 409,1043,447,1097,0 668,1921,709,1960,0 408,2047,461,2075,0 799,1973,843,2007,0 1665,2019,1721,2055,0 1156,2263,1189,2293,0 386,2609,429,2654,0 373,2656,407,2709,0 1294,2604,1328,2650,0 1459,2950,1487,3001,0 877,2868,910,2907,0 513,2861,539,2907,0 370,3200,429,3256,0 734,3265,776,3316,0 1763,3363,1804,3429,0 1684,3487,1715,3528,0 1113,3460,1138,3493,0 1529,3729,1575,3775,0 724,2130,777,2164,0
c:\Users\crodriguez\Documents\GitHub\keras-yolo3/model_data/data/data_train/64.jpg 407,1055,444,1100,0 542,1576,571,1624,0 484,1724,510,1765,0 646,2180,690,2221,0 804,2225,838,2262,0 1170,2490,1198,2527,0 710,2380,766,2414,0 346,2829,407,2881,0 351,2920,403,2956,0 1313,2837,1351,2875,0 1474,3171,1503,3225,0 872,3085,907,3122,0 355,3400,410,3466,0 726,3494,778,3558,0 1963,3318,2002,3390,0 348,2296,383,2350,0
c:\Users\crodriguez\Documents\GitHub\keras-yolo3/model_data/data/data_train/65.jpg 407,1053,443,1105,0 1514,1235,1539,1278,0 507,1984,565,2014,0 445,2082,478,2123,0 606,2551,649,2588,0 773,2554,808,2591,0 695,2690,755,2722,0 1331,3140,1369,3182,0 919,3002,965,3035,0 307,3127,371,3182,0 325,3214,389,3256,0 869,3364,902,3417,0 494,3417,533,3465,0 1499,3484,1534,3544,0 1964,3322,2004,3398,0
c:\Users\crodriguez\Documents\GitHub\keras-yolo3/model_data/data/data_train/66.jpg 1306,1175,1342,1203,0 1559,1706,1608,1730,0 478,2252,536,2283,0 419,2339,450,2382,0 585,2796,646,2832,0 765,2811,800,2847,0 691,2924,746,2963,0 168,2972,205,3048,0 287,3323,333,3400,0 331,3463,373,3509,0 914,3233,963,3272,0 1349,3414,1390,3460,0 1970,3331,2005,3396,0 2063,3379,2094,3425,0
c:\Users\crodriguez\Documents\GitHub\keras-yolo3/model_data/data/data_train/67.jpg 1568,1197,1594,1223,0 1372,1592,1409,1626,0 525,1786,557,1815,0 1584,2012,1640,2042,0 446,2534,503,2569,0 379,2599,410,2648,0 579,3038,641,3076,0 769,3067,811,3108,0 690,3178,746,3214,0 1970,3325,2010,3404,0 1215,3342,1243,3375,0 906,3500,959,3544,0
c:\Users\crodriguez\Documents\GitHub\keras-yolo3/model_data/data/data_train/68.jpg 1618,1436,1643,1464,0 1045,1612,1088,1641,0 698,1962,746,1992,0 475,2057,519,2083,0 512,2137,556,2164,0 1398,1883,1440,1912,0 1603,2260,1657,2287,0 415,2748,474,2786,0 341,2817,381,2867,0 740,2794,776,2834,0 574,3242,637,3279,0 764,3278,814,3319,0 1970,3332,2010,3402,0 1243,3564,1273,3612,0 684,3383,743,3424,0
c:\Users\crodriguez\Documents\GitHub\keras-yolo3/model_data/data/data_train/69.jpg 756,1560,800,1610,0 1620,1553,1643,1592,0 1054,1790,1103,1820,0 677,2098,710,2148,0 455,2197,500,2226,0 503,2268,548,2300,0 1406,2034,1451,2062,0 1623,2387,1670,2419,0 410,2865,468,2903,0 336,2931,372,2979,0 1969,3329,2017,3405,0 575,3363,630,3407,0 763,3396,818,3457,0 684,3505,746,3555,0
c:\Users\crodriguez\Documents\GitHub\keras-yolo3/model_data/data/data_train/7.jpg 602,1848,627,1883,0
c:\Users\crodriguez\Documents\GitHub\keras-yolo3/model_data/data/data_train/70.jpg 784,1730,821,1784,0 1061,1899,1110,1927,0 1626,1656,1651,1684,0 672,2199,701,2251,0 443,2292,488,2322,0 494,2366,541,2398,0 1423,2136,1467,2160,0 1637,2479,1685,2510,0 399,2959,458,2998,0 327,3028,364,3073,0 574,3456,632,3494,0 763,3486,814,3550,0 1972,3339,2015,3402,0 2058,3378,2095,3426,0 690,3607,753,3667,0
c:\Users\crodriguez\Documents\GitHub\keras-yolo3/model_data/data/data_train/73.jpg 1282,3517,1338,3569,0
c:\Users\crodriguez\Documents\GitHub\keras-yolo3/model_data/data/data_train/74.jpg 1289,3584,1321,3631,0
c:\Users\crodriguez\Documents\GitHub\keras-yolo3/model_data/data/data_train/75.jpg 1958,1963,2021,2018,0 1140,1989,1207,2071,0 1837,613,1890,708,0 1060,446,1140,521,0 1496,63,1569,125,0 1500,1381,1560,1433,0 1467,1460,1540,1512,0 1967,1662,2029,1719,0 2427,2726,2489,2801,0
c:\Users\crodriguez\Documents\GitHub\keras-yolo3/model_data/data/data_train/76.jpg 926,1810,1012,1879,0 1407,2262,1495,2329,0 2259,2083,2309,2157,0 1431,2586,1488,2643,0 1405,2650,1488,2707,0 1471,1843,1545,1895,0
c:\Users\crodriguez\Documents\GitHub\keras-yolo3/model_data/data/data_train/77.jpg 1574,1690,1663,1740,0 1452,1261,1519,1358,0 1815,1481,1876,1548,0 1336,3324,1397,3381,0 1354,3257,1411,3310,0 1417,2568,1490,2621,0 808,2496,896,2551,0 1825,2760,1910,2821,0 1310,2947,1408,3006,0 1781,921,1819,965,0 1901,2169,1969,2222,0
c:\Users\crodriguez\Documents\GitHub\keras-yolo3/model_data/data/data_train/78.jpg 1456,1712,1525,1802,0 923,1435,983,1488,0 1129,1033,1183,1090,0 1331,904,1390,973,0 1554,2083,1640,2135,0 1471,1998,1535,2046,0 2148,2065,2202,2140,0 1815,1892,1871,1954,0 1271,3315,1350,3387,0 1794,3077,1867,3142,0 756,2838,844,2904,0 1381,2931,1450,2983,0 1312,3094,1365,3140,0 1262,3092,1317,3148,0 787,738,844,790,0 1215,173,1317,231,0
c:\Users\crodriguez\Documents\GitHub\keras-yolo3/model_data/data/data_train/79.jpg 821,937,883,994,0 848,781,894,833,0 1112,1233,1204,1275,0 817,1387,873,1438,0 717,1569,767,1650,0 1292,1779,1343,1840,0 1056,1854,1115,1908,0 1373,1627,1420,1684,0 1708,1710,1754,1756,0 1383,2454,1456,2535,0 802,2156,869,2225,0 1481,2804,1567,2862,0 2358,2690,2410,2756,0 1904,2567,1963,2633,0 2148,1510,2194,1562,0 1798,3185,1871,3252,0
c:\Users\crodriguez\Documents\GitHub\keras-yolo3/model_data/data/data_train/8.jpg 710,2850,742,2881,0 554,2234,582,2262,0 1628,1269,1653,1292,0
c:\Users\crodriguez\Documents\GitHub\keras-yolo3/model_data/data/data_train/80.jpg 1282,3278,1371,3369,0 957,2678,1025,2731,0 716,2252,761,2327,0 1042,2139,1114,2195,0 663,1871,737,1929,0 2405,1773,2448,1833,0 707,1733,761,1791,0 1803,3339,1890,3414,0 2252,1980,2308,2027,0 1237,2035,1291,2088,0 2580,2658,2617,2703,0 1294,2499,1343,2550,0 1718,2978,1754,3022,0 1196,2618,1255,2688,0
c:\Users\crodriguez\Documents\GitHub\keras-yolo3/model_data/data/data_train/81.jpg 1576,988,1620,1057,0 859,2718,918,2788,0 1532,1270,1581,1314,0 933,1924,971,1962,0
c:\Users\crodriguez\Documents\GitHub\keras-yolo3/model_data/data/data_train/82.jpg 1558,1917,1625,1960,0 1697,890,1760,931,0 1483,2158,1535,2200,0 814,2713,857,2758,0
c:\Users\crodriguez\Documents\GitHub\keras-yolo3/model_data/data/data_train/83.jpg 1489,2688,1550,2740,0 1397,2937,1448,2983,0
c:\Users\crodriguez\Documents\GitHub\keras-yolo3/model_data/data/data_train/84.jpg 879,1189,950,1282,0
c:\Users\crodriguez\Documents\GitHub\keras-yolo3/model_data/data/data_train/86.jpg 2001,1200,2049,1260,0 1656,1418,1707,1472,0 1566,2823,1623,2885,0
c:\Users\crodriguez\Documents\GitHub\keras-yolo3/model_data/data/data_train/87.jpg 1924,1800,1967,1862,0 1751,2418,1818,2472,0 717,2332,782,2375,0
c:\Users\crodriguez\Documents\GitHub\keras-yolo3/model_data/data/data_train/88.jpg 1663,2319,1727,2361,0 1908,2232,1948,2292,0
c:\Users\crodriguez\Documents\GitHub\keras-yolo3/model_data/data/data_train/89.jpg 1760,1142,1827,1198,0 1940,953,1992,1024,0 674,50,725,101,0
c:\Users\crodriguez\Documents\GitHub\keras-yolo3/model_data/data/data_train/9.jpg 509,2514,538,2544,0
c:\Users\crodriguez\Documents\GitHub\keras-yolo3/model_data/data/data_train/90.jpg 955,2395,1010,2471,0 1283,3357,1345,3424,0 1738,2363,1802,2413,0
c:\Users\crodriguez\Documents\GitHub\keras-yolo3/model_data/data/data_train/92.jpg 1690,1590,1768,1660,0 1288,1455,1345,1526,0
c:\Users\crodriguez\Documents\GitHub\keras-yolo3/model_data/data/data_train/93.jpg 1206,2402,1276,2456,0 1631,2511,1706,2597,0 1998,2463,2050,2508,0
c:\Users\crodriguez\Documents\GitHub\keras-yolo3/model_data/data/data_train/94.jpg 1881,2344,1925,2393,0 1354,2540,1442,2592,0 2085,3408,2144,3487,0 665,3490,719,3565,0
c:\Users\crodriguez\Documents\GitHub\keras-yolo3/model_data/data/data_train/95.jpg 1115,1584,1181,1634,0 1589,3105,1655,3179,0 1631,531,1695,594,0 2288,2808,2351,2859,0
c:\Users\crodriguez\Documents\GitHub\keras-yolo3/model_data/data/data_train/96.jpg 1172,1955,1224,2026,0 2067,1714,2136,1783,0 1395,2332,1440,2384,0 906,1609,956,1644,0
c:\Users\crodriguez\Documents\GitHub\keras-yolo3/model_data/data/data_train/97.jpg 1131,2432,1186,2520,0 2064,2229,2128,2304,0
c:\Users\crodriguez\Documents\GitHub\keras-yolo3/model_data/data/data_train/98.jpg 1025,1418,1085,1476,0 2161,1834,2220,1921,0 1986,3147,2048,3215,0 1026,3415,1075,3499,0 759,3062,812,3124,0
